 -0.199645154931 1.28639058125 -1.67847758798
 0.601278341185 -1.02648555998 0.863412101611
 -0.390462136471 0.528612723564 0.855022354753
 2.20675601709 -0.0221031943098 -0.107904959128
 -0.314311514907 -1.62929676656 0.963407473704
 0.664445416286 0.79384627769 1.17281605437
 1.28630615903 -0.18510651141 1.17965312682
 -0.468801949003 1.11492454246 -0.621533810754
 0.0516927200686 -1.61262101122 -0.912633268915
 -1.24721003614 -0.438183597132 -0.0825477835087
 -1.19828736371 0.67957592035 0.110836573134
 -1.12924004714 0.281996007917 -0.936338462129
 1.35932240637 0.538324665763 0.322596253033
 0.200437242818 1.95164922169 -0.337325078828
 1.57332742778 -0.411201934944 -0.945540165163
 -0.319915771831 0.119801968355 -0.197168542329
 -0.442993725054 -0.578522203339 0.662788568731
 1.62757332258 0.697205351739 -0.741660625475
 2.13606341772 -0.758176575143 0.751239161007
 0.25858527105 -0.80543145339 -0.185156277598
 1.28401180288 -0.562541663148 0.107747665323
 0.728566436479 0.131226446498 -0.515841870208
 -0.545083468147 -0.671318389432 -0.923964322374
 0.18732877871 -0.201395715246 1.52961519686
 1.22462592566 1.54063093103 -0.11788681045
 2.14248889453 -1.1237649711 -0.306641637673
 1.44195902238 -1.59431787845 0.430169247657
 0.336611629124 0.941857279057 0.0992913920583
 0.523733877575 1.80569623403 0.728320951839
 0.991865812911 0.30088607995 -1.57889571163
 -0.526880190554 1.53265387371 0.409687314835
 0.609835261599 1.12409375916 -0.94661335907
 -0.0664510969859 0.278604962327 -1.24943754344
 1.09862836301 -1.37111775591 -0.611135079041
 0.52555477455 -0.660051001577 -1.24489668236
 0.390130335375 -1.83590083214 0.127114421032
 0.462945380834 -0.025314841577 0.512865217667
 -0.649016584869 -1.38971178778 -0.0707002245953
