t = 0
b = 20.000000 20.000000 20.000000
E = 0 0 0
15.2022586425 16.6993468714 15.9480787673 0.74677578741 0.458031608653 -0.482216723904 0.0183355325034 0.710600894288 0.703356365781 0.0 0.0 0.0 0.0 0.0 0.0
15.5284192609 16.8406110737 16.3510040436 0.215085605933 0.684200993827 -0.696855208897 0.0183355325034 0.710600894288 0.703356365781 0.0 0.0 0.0 0.0 0.0 0.0
15.9036086499 17.1378389141 16.5950811531 -0.398319193277 0.650430982215 -0.646746749231 0.0183355325034 0.710600894288 0.703356365781 0.0 0.0 0.0 0.0 0.0 0.0
16.1880011663 17.5833325173 16.6917323207 -0.86039587142 0.369551365834 -0.350928386504 0.0183355325034 0.710600894288 0.703356365781 0.0 0.0 0.0 0.0 0.0 0.0
16.2762664167 18.1130653661 16.7083893517 -0.995593772958 -0.0517269929971 0.0782135374658 0.0183355325034 0.710600894288 0.703356365781 0.0 0.0 0.0 0.0 0.0 0.0
16.1375860353 18.6310070451 16.7428751609 -0.752548954709 -0.453353402359 0.477640830892 0.0183355325034 0.710600894288 0.703356365781 0.0 0.0 0.0 0.0 0.0 0.0
15.8273620959 19.0456068018 16.8862392126 -0.223598206619 -0.682743274501 0.695604386933 0.0183355325034 0.710600894288 0.703356365781 0.0 0.0 0.0 0.0 0.0 0.0
15.4661689383 19.3045752076 17.1881663061 0.390301238528 -0.6527475618 0.649296206494 0.0183355325034 0.710600894288 0.703356365781 0.0 0.0 0.0 0.0 0.0 0.0
15.1939449603 19.4147497861 17.6381004904 0.85591871767 -0.374762137015 0.356309541553 0.0183355325034 0.710600894288 0.703356365781 0.0 0.0 0.0 0.0 0.0 0.0
15.116827681 19.4394973237 18.1692554459 0.996358365771 0.0456016893115 -0.0720450754009 0.0183355325034 0.710600894288 0.703356365781 0.0 0.0 0.0 0.0 0.0 0.0
15.2668303224 19.4746397679 18.6839877242 0.758264812492 0.448640671449 -0.473028563681 0.0183355325034 0.710600894288 0.703356365781 0.0 0.0 0.0 0.0 0.0 0.0
15.5896794518 19.6120498672 19.0908931264 0.232093779436 0.681233561631 -0.694300592003 0.0183355325034 0.710600894288 0.703356365781 0.0 0.0 0.0 0.0 0.0 0.0
15.9654343654 19.9047471783 19.3395326869 -0.382253560829 0.655014432131 -0.651796217336 0.0183355325034 0.710600894288 0.703356365781 0.0 0.0 0.0 0.0 0.0 0.0
