DMACRYS
TITL
 tetrol4.res.dmain tetrol4
ENDS
SCAL 1.0
EXTN 0.1
CHGC
   PRIN BASI 0 PLUT 12 MOLE 1 BOND 2 TORS 2 MINI 2 GEOM 1
CUTO    9.000000   1.666667
RDMA    1.666667
LATT
            0.9444444444444    0.0000000000000    0.0000000000000
            0.0000000000000    0.7777777777778    0.0000000000000
            0.0000000000000    0.0000000000000    1.0000000000000
BASI
O_W1_1____1____    0.1990001111111       0.1556667777778       0.3606670000000      1
 LEVEL  4
  -0.778290
   0.000254   0.241988  -0.284575
   0.423752   0.000847   0.001592  -0.152978  -0.073637
  -0.001284  -0.102672   0.172060  -0.000783  -0.000069   0.269235  -0.342471
  -0.079872   0.000012  -0.002898   0.134206   0.231302  -0.000217   0.000252
   0.125054   0.928510
O_W1_1____11___    0.1990001111111       0.1556667777778       0.8606670000000      2
DUPL
O_W1_1____12___    0.1990001111111       0.5445556666667       0.3606670000000      3
DUPL
O_W1_1____13___    0.1990001111111       0.5445556666667       0.8606670000000      4
DUPL
O_W2_2____2____    0.2241110000000       0.1206667777778       0.1132220000000      1
 LEVEL  4
  -0.622907
  -0.000189   0.185005   0.087342
  -0.105101  -0.000938  -0.001139   0.028045   0.053118
  -0.000630   0.196833  -0.192773   0.001095   0.000237  -0.377133   0.071826
  -0.221538   0.000230   0.001385   0.111829  -0.121060   0.003794  -0.000290
  -0.255612  -0.065404
O_W2_2____14___    0.2241110000000       0.1206667777778       0.6132220000000      2
DUPL
O_W2_2____15___    0.2241110000000       0.5095556666667       0.1132220000000      3
DUPL
O_W2_2____16___    0.2241110000000       0.5095556666667       0.6132220000000      4
DUPL
H_W3_1____3____    0.1275080308365       0.1218628999904       0.1220948182234      1
 LEVEL  4
   0.311392
  -0.000245   0.177679  -0.014998
  -0.024382  -0.000099  -0.000008   0.032370  -0.006714
  -0.000028   0.007274   0.000741   0.000022   0.000018  -0.001625   0.000388
   0.006468   0.000052   0.000013  -0.006255  -0.000470  -0.000025  -0.000002
   0.006117  -0.003668
H_W3_1____17___    0.1275080308365       0.1218628999904       0.6220948182234      2
DUPL
H_W3_1____18___    0.1275080308365       0.5107517888793       0.1220948182234      3
DUPL
H_W3_1____19___    0.1275080308365       0.5107517888793       0.6220948182234      4
DUPL
H_W1_2____4____    0.7699139432686       0.0650852205419       0.3409717000047      1
 LEVEL  4
  -0.099673
   0.120958  -0.049652  -0.073073
   0.090571  -0.089239  -0.131821  -0.020277   0.054030
  -0.031041   0.140925   0.208119   0.062199  -0.157608  -0.047583   0.011001
  -0.087436  -0.135182  -0.197746  -0.104807   0.265685   0.139810  -0.031760
  -0.026043  -0.025198
H_W1_2____20___    0.7699139432686       0.0650852205419       0.8409717000047      2
DUPL
H_W1_2____21___    0.7699139432686       0.4539741094308       0.3409717000047      3
DUPL
H_W1_2____22___    0.7699139432686       0.4539741094308       0.8409717000047      4
DUPL
H_W1_3____5____    0.7686003185734       0.2417756183847       0.3161325993826      1
 LEVEL  4
  -0.099849
  -0.121342  -0.048900  -0.074045
   0.091016   0.086519   0.132836  -0.021973   0.052706
   0.032176   0.137268   0.210384  -0.067072   0.154479  -0.047577   0.008372
  -0.085929   0.132439   0.200894  -0.113204   0.261199  -0.140110   0.024545
  -0.024004  -0.026647
H_W1_3____23___    0.7686003185734       0.2417756183847       0.8161325993826      2
DUPL
H_W1_3____24___    0.7686003185734       0.6306645072736       0.3161325993826      3
DUPL
H_W1_3____25___    0.7686003185734       0.6306645072736       0.8161325993826      4
DUPL
H_W1_4____6____    0.7805118698222       0.1319260042209       0.1751913954897      1
 LEVEL  4
  -0.110006
  -0.000564  -0.067217   0.139980
  -0.094836   0.000596  -0.001357  -0.111712  -0.116032
  -0.002023  -0.076287   0.170685  -0.001736  -0.001894  -0.226072   0.080518
   0.152661  -0.001700   0.003807   0.151956   0.167740  -0.003466   0.001170
  -0.026069   0.299997
H_W1_4____26___    0.7805118698222       0.1319260042209       0.6751913954897      2
DUPL
H_W1_4____27___    0.7805118698222       0.5208148931098       0.1751913954897      3
DUPL
H_W1_4____28___    0.7805118698222       0.5208148931098       0.6751913954897      4
DUPL
C_W4_1____7____    0.7336671111111       0.1455556666667       0.2743330000000      1
 LEVEL  4
   0.364476
  -0.001792  -0.377502  -0.016350
   0.290682  -0.004773  -0.000121  -0.551689  -0.054216
   0.010301   1.096496   0.349975  -0.017982  -0.003994  -1.542783  -0.173062
  -1.166597   0.039649  -0.007438   1.850785  -0.713823  -0.025522   0.001754
  -2.316576  -0.847239
C_W4_1____29___    0.7336671111111       0.1455556666667       0.7743330000000      2
DUPL
C_W4_1____30___    0.7336671111111       0.5344445555556       0.2743330000000      3
DUPL
C_W4_1____31___    0.7336671111111       0.5344445555556       0.7743330000000      4
DUPL
C_W2_2____8____    0.5723333333333       0.1428886666667       0.2641110000000      1
 LEVEL  4
  -0.086068
  -0.000998  -0.806398   0.011407
   0.704267  -0.001041   0.000507  -0.968780  -0.009858
  -0.002623   0.572926  -0.053897   0.004422   0.001164  -0.673330   0.038304
  -0.920683   0.003160   0.000918   1.405075   0.101067  -0.004751   0.000271
  -1.990902  -0.154338
C_W2_2____32___    0.5723333333333       0.1428886666667       0.7641110000000      2
DUPL
C_W2_2____33___    0.5723333333333       0.5317775555556       0.2641110000000      3
DUPL
C_W2_2____34___    0.5723333333333       0.5317775555556       0.7641110000000      4
DUPL
C_W2_3____9____    0.4382222222222       0.1410002222222       0.2547780000000      1
 LEVEL  4
   0.172095
  -0.000484   0.335039  -0.088911
   0.260406   0.000372  -0.000012  -0.634297  -0.047876
   0.002927   0.469183   0.100589  -0.003780  -0.001690  -0.742270  -0.425959
  -0.611030  -0.004661  -0.000318   0.963286   0.002199   0.004259   0.001084
  -1.415345  -0.041545
C_W2_3____35___    0.4382222222222       0.1410002222222       0.7547780000000      2
DUPL
C_W2_3____36___    0.4382222222222       0.5298891111111       0.2547780000000      3
DUPL
C_W2_3____37___    0.4382222222222       0.5298891111111       0.7547780000000      4
DUPL
C_W3_4____10___    0.2778886111111       0.1403336666667       0.2524440000000      1
 LEVEL  4
   0.948830
  -0.001697   0.657886   0.140810
   0.161594  -0.000545  -0.002531  -1.622398   0.027715
   0.004406  -1.619203  -0.147889   0.001170   0.002534   3.250872  -0.020333
  -1.077498   0.001067   0.008860   3.731560   0.386664  -0.006103   0.006011
  -2.247129   0.413672
C_W3_4____38___    0.2778886111111       0.1403336666667       0.7524440000000      2
DUPL
C_W3_4____39___    0.2778886111111       0.5292225555556       0.2524440000000      3
DUPL
C_W3_4____40___    0.2778886111111       0.5292225555556       0.7524440000000      4
DUPL
ENDS
POTE
SPEC
 O_  0.0   15.999400
 H_  0.0    1.007940
 C_  0.0   12.010700
ENDS
LENN O_W1 O_W1 10 7
2086.938628 78.832285 0.0 70.0
ENDS
LENN O_W1 O_W2 10 7
2246.474578 81.720137 0.0 70.0
ENDS
LENN H_W3 O_W1 9 6
22.235269 0.311336 0.0 70.0
ENDS
LENN H_W1 O_W1 9 7
383.995023 45.449926 0.0 70.0
ENDS
LENN C_W4 O_W1 10 7
2404.152279 75.032117 0.0 70.0
ENDS
LENN C_W2 O_W1 9 7
1021.801844 112.958381 0.0 70.0
ENDS
LENN C_W3 O_W1 10 7
3412.006214 102.098195 0.0 70.0
ENDS
LENN O_W2 O_W2 10 7
2410.483411 84.548495 0.0 70.0
ENDS
LENN H_W3 O_W2 9 6
24.304533 0.344410 0.0 70.0
ENDS
LENN H_W1 O_W2 9 7
413.042268 47.461230 0.0 70.0
ENDS
LENN C_W4 O_W2 10 7
2583.276088 77.731003 0.0 70.0
ENDS
LENN C_W2 O_W2 9 7
1091.039561 117.395982 0.0 70.0
ENDS
LENN C_W3 O_W2 10 7
3660.360235 105.699822 0.0 70.0
ENDS
LENN H_W3 H_W3 5 4
0.084968 0.026747 0.0 70.0
ENDS
LENN H_W1 H_W3 7 6
2.862127 0.730486 0.0 70.0
ENDS
LENN C_W4 H_W3 8 7
19.631802 4.612148 0.0 70.0
ENDS
LENN C_W2 H_W3 8 7
17.093153 3.981905 0.0 70.0
ENDS
LENN C_W3 H_W3 9 6
36.810901 0.449889 0.0 70.0
ENDS
LENN H_W1 H_W1 9 6
84.804860 3.826626 0.0 70.0
ENDS
LENN C_W4 H_W1 9 7
428.493161 43.897088 0.0 70.0
ENDS
LENN C_W2 H_W1 8 7
252.185283 86.000447 0.0 70.0
ENDS
LENN C_W3 H_W1 9 7
612.511888 60.692394 0.0 70.0
ENDS
LENN C_W4 C_W4 10 7
2823.847822 71.918372 0.0 70.0
ENDS
LENN C_W2 C_W4 9 7
1140.665712 109.562095 0.0 70.0
ENDS
LENN C_W3 C_W4 9 8
3523.151569 1022.627236 0.0 70.0
ENDS
LENN C_W2 C_W2 9 7
1076.585674 116.522118 0.0 70.0
ENDS
LENN C_W2 C_W3 11 6
7149.499682 19.072524 0.0 70.0
ENDS
LENN C_W3 C_W3 9 8
4916.977413 1408.448287 0.0 70.0
ENDS
ENDS
MOLE
NFXP
CUTM 20.0
NBUR 20
NNCU
 O_  H_   1.200
 O_  C_   1.550
 H_  C_   1.250
 C_  C_   1.650
ENDS
MOLX   1
X LINE C_W2_3____ C_W3_4____    1
Y PLANE C_W2_3____ C_W3_4____    1 O_W1_1____    2
ENDS
STOP
STAR PLUT
CONP
NOPR
MAXI 1000
MAXD 0.5
STAR
STOP
