        0.030798393156243        0.676886093008998        0.146617042909334
        0.908672766429710        0.107779348060467        0.451354585294355
        1.344043788435335        0.562229177271945        1.339304123596385
        1.633831833472899        0.101856305057146       -0.360314582735985
        0.489930512543979       -1.310316213769651        0.762934636232630
       -0.684075840627379       -1.616838999803002        0.645130790410202
        1.477804534620694       -2.119949995138287        1.153977398145191
        2.372871680471917       -1.662140952469227        1.183736449938532
        1.546115853129039       -3.546361939770855        1.548127333056489
        2.207717154487595       -4.030796900281497        0.828674368776772
        2.264837655383982       -3.572417095257423        2.905548895081822
        3.219847414289625       -3.050063933605212        2.839221402257154
        1.642549794431125       -3.097514109913921        3.665596645074766
        2.454769261705339       -4.606075620319459        3.200157371342571
        0.303088149802695       -4.478187418619385        1.627635471556159
        0.487123956070201       -5.688352746688891        1.512799021836046
       -0.919979139367716       -3.992693977564074        1.857303753677760
       -1.029290340188650       -2.986105614836352        1.816196501196862
       -2.126243201677309       -4.807192792192140        1.988112761773471
       -2.269253781675354       -5.397796002576365        1.081227690443878
       -2.022877119016544       -5.486231677711569        2.836241591895819
       -2.995283325877437       -4.165714932881242        2.139416748239768
        0.805014954618571        0.788130215577291        1.414246882338019
        1.443553067748731        0.490938814116031        0.584550164313595
        2.435208071820340        0.920579616211142        0.713736601432054
        1.012195439945537        0.839571233988027       -0.351965431272814
        1.576259747553902       -1.013734528048242        0.521962978523037
        2.263324869952328       -1.525130355416881       -0.352006539008705
        0.921095615208558       -1.720876799742054        1.440076777931391
        0.339379278157990       -1.234306429017580        2.105354476200988
        0.900148528363546       -3.182192828146787        1.505249659138520
        1.031430122002613       -3.584516922273172        0.499180047148250
        2.072291815741806       -3.655242877629511        2.377268886337048
        3.012958856705045       -3.299370225406948        1.953974127647303
        1.963741925614702       -3.264905859598039        3.390320467902450
        2.094071000671389       -4.744585682252007        2.413902760003710
       -0.448316047753008       -3.691842957952773        2.047900456308891
       -1.168846416719619       -2.954962935765517        2.720838276833852
       -0.777759269319821       -4.959268092483156        1.767723391486859
       -0.133074330760108       -5.502876548889978        1.215458831725005
       -2.014089595445675       -5.599702495673389        2.213143120812140
       -2.874110838378637       -5.052197618456033        1.821933355818359
       -2.054597553720286       -6.631759282497878        1.862180824012732
       -2.062879242007923       -5.587747440642581        3.303969884367303
        0.308685301956792        0.606158069626424        1.134129863417449
        0.973023977216782        0.201090387323133        0.373001952035518
        1.988409078290443        0.556427873550541        0.536303278733910
        0.630341745588464        0.512405847415785       -0.612956176238447
        0.951375961606734       -1.307538052356177        0.444341160006909
        0.583605259697937       -1.966614362484559       -0.520065595977751
        1.344901254925626       -1.858591986251961        1.590068683134490
        1.588410130253763       -1.257006031850903        2.358756857796625
        1.295964415639358       -3.297896434982605        1.836718876344986
        1.554813247650897       -3.819483648287318        0.913669035676737
        2.355675378943726       -3.658551315396172        2.885901023365533
        3.343884769493371       -3.359926987573458        2.534141544008275
        2.136803516619341       -3.151699853025258        3.827205719029022
        2.349852631885634       -4.735797036874200        3.055618115241375
       -0.120485416764140       -3.736323499537979        2.255330368801792
       -0.636553527821084       -3.279866475558255        3.274423705075732
       -0.734093463862092       -4.638557113561948        1.479783277666888
       -0.267343691725867       -4.922231480150387        0.632102783885670
       -2.072070921388191       -5.165889731416375        1.739872766030666
       -2.797921713783954       -4.350519386122899        1.715879614393299
       -2.339468357524345       -5.907562004339830        0.986122265223545
       -2.100809576899193       -5.628026778145589        2.728650882347770
        1.148817556525254        0.374194497840630        0.755181400115345
        0.368675236236896       -0.269362037951322        0.353063021140466
        0.188309472458863       -0.011513517121858       -0.690057970809393
       -0.549552760675870       -0.144599514900161        0.923257461859478
        0.819076497581338       -1.709137645154456        0.428934157614523
        0.918851950826854       -2.375853522506712       -0.591645324622440
        1.067918307513489       -2.191971885054200        1.645404313872717
        0.951049420991224       -1.576297074972439        2.431529725768342
        1.587710159791245       -3.539967504750326        1.911219515026905
        2.510548025627096       -3.655867698929417        1.340375608256514
        1.946069909714328       -3.617457141389257        3.401938868656788
        2.651854503925872       -2.826863671036176        3.659184788787801
        1.046084202229998       -3.517816331714354        4.009744457049518
        2.410217117677351       -4.581965666642113        3.614615991181834
        0.673574354526202       -4.718229567907855        1.481695584379459
        1.090102913730396       -5.868144948628483        1.569927734383836
       -0.557551866947592       -4.482350196036633        1.013195538754521
       -0.587456232425736       -4.277703581866953        0.023702128378833
       -1.629177119825925       -3.900897618213694        1.819493086768889
       -1.822091508720576       -2.875364653720217        1.501685238766394
       -2.538885287270940       -4.489862780639074        1.689866870037637
       -1.357144853489766       -3.908967938704900        2.876687804631965
        0.510794257046305        0.404742247793243        1.386448273132486
        0.501513978764714       -0.106922430362128        0.426180935266534
        0.969718704539526        0.526341311467690       -0.326790182523949
       -0.520636192428346       -0.329819639804551        0.127553664982705
        1.286425865388357       -1.393584499736315        0.534206529584864
        2.264238692832061       -1.572528138226859       -0.176321937796744
        0.844579526517878       -2.279579974291638        1.425601501549377
        0.035664977117080       -2.032786498957965        1.966490605023278
        1.468347941437330       -3.580865403494950        1.694109027457955
        2.366958513605303       -3.671249561718617        1.080195576621966
        1.922128933218354       -3.595445516376549        3.159863379212426
        2.600714191351067       -2.761557670952763        3.344903657857770
        1.061726639487025       -3.519149633713616        3.824875305116517
        2.449946681095323       -4.527889067125493        3.365853088088851
        0.601578518225133       -4.820618875753778        1.354621374753308
        1.152104211274765       -5.844691569681259        0.970621754215699
       -0.735946400477792       -4.831719368784293        1.456908901255081
       -1.147468068666918       -5.705321660837583        1.163101244768126
       -1.643725919536882       -3.818574521232494        1.995197829429489
       -1.780220046648817       -3.014790125632862        1.269570100024906
       -2.616550384454463       -4.272498182483726        2.193267839278317
       -1.254894619687012       -3.417491220093515        2.932541532701033
        1.421437723455322        0.579793331210987        0.764191965152562
        1.377503206183581       -0.269769193311973        0.085714402613889
        2.373834668925092       -0.688933446060426       -0.040744340142841
        0.986961644703818        0.049140796167396       -0.879744080932870
        0.463998762033824       -1.323635116623779        0.664456499062695
       -0.536915444521422       -1.684930069210674        0.063667243121417
        0.801467175519156       -1.851590531628746        1.835138165813261
        0.213803375550172       -1.587172511598661        2.609432841084581
        1.339699033576388       -3.213801979327726        1.926220621219199
        1.832787738859159       -3.440763539964828        0.979572454453746
        2.423093956995198       -3.227356013644748        3.015246996356660
        3.170825696202444       -2.460840010725810        2.808579439223110
        1.972657515787383       -3.041975830054251        3.991207423418991
        2.914842120565691       -4.201174456146051        3.032879553045978
        0.260063347225460       -4.313054068801184        2.108245540318414
        0.513968917926883       -5.333960907844156        2.743323986384643
       -0.953155562128774       -4.096983103068446        1.583090051019271
       -1.079045941916007       -3.252702876042387        1.032379436604539
       -2.078406571555210       -5.023059322153173        1.689875792455803
       -2.948365881197062       -4.616716133928778        1.172070264879540
       -1.808905794127047       -5.982107614213715        1.243297698900093
       -2.325149688064069       -5.184407403028864        2.740898045947349
        1.886266862814550        0.612284079921793        0.054263172061079
        1.855351767925725       -0.434324237878115        0.354327304371403
        2.625796942001988       -0.617250123823655        1.099952144112237
        2.017682030017962       -1.063724168297458       -0.517958195717105
        0.491504439319381       -0.731224618196887        0.945490715809196
       -0.366956985142898        0.136025668451598        0.951249097555293
        0.226990829293444       -1.933617799662443        1.451291430544533
       -0.706530152114029       -2.044399575544149        1.814412624989689
        1.114453447336361       -3.102441087187125        1.520832434519859
        1.878698828171741       -3.035402076287773        0.746738189586745
        1.808268566580236       -3.094077078862108        2.890959713862988
        2.363937985397339       -2.165952975912059        3.026826674775283
        1.067179295555651       -3.188479715237731        3.685771589119341
        2.503906054891062       -3.932347609670094        2.953560758886997
        0.374352031972419       -4.438619304602953        1.286588559571526
        1.006883352213653       -5.477985648551907        1.139572805122942
       -0.962266829868056       -4.441382910708327        1.245277012994951
       -1.342367593304566       -4.626695882771792        0.329467120292696
       -1.730434589192042       -5.032029540047801        2.338266688097149
       -2.798222016698301       -4.969773156427427        2.121689505946566
       -1.452507591802687       -6.081815800058880        2.459763191506294
       -1.524986675368953       -4.502766438644716        3.270657461990317
       -0.630294025714048       -0.888105596788898       -0.257268686446311
        0.426558242966037       -0.964706903486794       -0.008421752432552
        0.810937694426162       -1.910853900457538       -0.377091845296853
        0.966850526499600       -0.150715944816008       -0.488515062192408
        0.577228699409044       -0.813643099509128        1.495145671624524
        0.175416633321166        0.206064327240117        2.028703006646304
        1.113629249041328       -1.775631876356170        2.246437565026661
        1.195084287981584       -1.547179590296150        3.224595611715365
        1.618490021100913       -3.087425870190396        1.822277779396101
        2.257362815629863       -2.957656513322996        0.947749194486677
        2.497042191031852       -3.634872443968922        2.954663375286892
        3.303858094852868       -2.934123082278774        3.173789685382023
        1.898537862404752       -3.793686941831603        3.852817202080717
        2.933714500627331       -4.586974639129773        2.648455667422949
        0.512420402002065       -4.096726777225659        1.435988048554208
        0.810759349808163       -5.113434217231443        0.816967007856276
       -0.753865776081027       -3.816085322828945        1.775626571692748
       -0.922521188430163       -2.957641479049436        2.277875868887123
       -1.898017347404066       -4.669733228791593        1.461751432761923
       -1.762179645613912       -5.651198348483866        1.920644053105701
       -2.819208545134148       -4.221265179383628        1.836409971178095
       -1.974804042725378       -4.800403371812346        0.380399633263763
        2.257991020266923        0.631606884121127        1.570978775568074
        2.090155010372523        0.078789394114348        0.648888668217404
        2.901166854561974       -0.628431191718811        0.491984843496260
        2.035086780732193        0.770418544757422       -0.190446657450985
        0.783959885690948       -0.673996606417853        0.752695858788185
       -0.088539234664635       -0.523296376847240       -0.088767711576169
        0.644862841689988       -1.520464462067318        1.765167179487932
       -0.126058524639332       -1.302122804954200        2.382670061682527
        0.711759361448159       -2.959827824762868        1.515718425537834
        0.627508305917259       -3.139047465369839        0.441933135360511
        2.074481212404271       -3.485553383919360        1.988748431923125
        2.876868428358320       -2.969967429385918        1.460459686589633
        2.183867810547033       -3.314999938955648        3.061089884134111
        2.151453179306378       -4.554576111577635        1.788721938284200
       -0.459917262550070       -3.691132789733325        2.199806879003641
       -1.059360580111331       -3.165155282714838        3.136384911062776
       -0.773979393692704       -4.908602167465886        1.738466210467209
       -0.239809764296169       -5.275005599517478        0.966653576919984
       -1.855758340768733       -5.730537806281641        2.278285332819926
       -2.805933702207051       -5.202314291429079        2.174146903232606
       -1.912590824288303       -6.681096400102641        1.746239043940538
       -1.680213064077612       -5.920686889771291        3.339174622510676
        0.246481744024046        0.203907036527965       -0.064672308597036
        0.869082318372807       -0.689063542847528       -0.111168054318891
        1.917507772071058       -0.397617268950693       -0.131048073866228
        0.622004842808274       -1.258991402625988       -1.004460262325999
        0.606906454803290       -1.531214796753999        1.115196225192089
       -0.204575648633035       -1.154065589737168        1.949487644150979
        1.290250423727713       -2.674504267838527        1.201598670896916
        1.933046413769274       -2.877955855756978        0.455595301877495
        1.247954377525293       -3.630540423925559        2.322131684208490
        1.722497050018503       -4.543677258883859        1.963397655526033
        2.138397439706367       -3.093433028431364        3.454224168374156
        3.130772013284274       -2.853477941251043        3.071897296845163
        1.688805809399583       -2.196764089553063        3.883739660935692
        2.235570745065418       -3.847061805273544        4.236986830108629
       -0.155243120568679       -4.086988651289158        2.812560451965748
       -0.266059801226248       -4.682753266792508        3.879047203079984
       -1.237227887990589       -3.853494091659384        2.061815368865354
       -1.626316295965998       -2.929765422773368        2.202640322480768
       -1.416191951192842       -4.409677636649899        0.721980671736883
       -2.443202646495781       -4.762504614453525        0.612402281837845
       -1.223116584660567       -3.643716136580223       -0.030326285490709
       -0.740343467842155       -5.252639944500609        0.565973546516586
        1.313299457888647        0.999141550562018        0.431005225670787
        1.414894323268422       -0.040028405513889        0.119625933416279
        2.434342935890025       -0.220654938222280       -0.214565474214159
        0.710819898511912       -0.247258583016353       -0.683455529310931
        1.105960898538256       -0.931347666539681        1.300700023925615
        0.822456734581200       -0.425084885710103        2.373898415215963
        1.203871201415419       -2.244133324064521        1.075013511523220
        1.490628280267106       -2.509369591636994        0.149518053652021
        0.835770844210695       -3.338292787823819        1.987005260525095
        1.047956219588137       -4.255997981944756        1.444383267745825
        1.784813118908950       -3.364302292618256        3.194931187628212
        2.821576976121241       -3.379133598889863        2.858149834249070
        1.621524540252603       -2.482386551951840        3.816680961448196
        1.589551166195474       -4.253333237252773        3.794899172205269
       -0.665639664776062       -3.374819795769620        2.386582966023357
       -1.162157062334228       -2.533756253701924        3.122715895401905
       -1.451221782087717       -4.373268240737309        1.965041486638672
       -2.401261420663318       -4.310678808872924        2.300415505212142
       -1.106096932526783       -5.502454541365863        1.101327249046939
       -1.994917375889750       -6.109708791977117        0.920391677596318
       -0.728828759884436       -5.142581093671323        0.142380494864458
       -0.350343597475792       -6.126550179280836        1.582354881535742
        1.885222910684214        0.929284346100575       -0.339965898840589
        1.297430655636512        0.488939790947053        0.464346494240177
        1.613281555660339        0.905770025592161        1.418601291496217
        0.241314395516937        0.693806297629076        0.300043205275127
        1.521567232362010       -1.005061496267604        0.473073071411186
        2.272592160835767       -1.518935411791310       -0.345425854126528
        0.864953378424685       -1.699352565094826        1.398971696355464
        0.230530894238912       -1.210844559125619        2.012942773806114
        0.917102160810221       -3.154513466267026        1.539929110421554
        1.116658588172925       -3.598598017292999        0.563066826729021
        2.070390764982318       -3.518461167193010        2.486285271472830
        3.009797515023850       -3.132800116478537        2.086952461703246
        1.893994135788048       -3.084865447586945        3.471833629166513
        2.147863295176318       -4.601777597566834        2.580629925699112
       -0.426851474678878       -3.710110577487677        2.048047943477969
       -1.213866652317148       -2.979182532687715        2.649207007758626
       -0.671919905542262       -5.007384722642260        1.816831600920976
        0.033056324964335       -5.530837361360314        1.321658564405438
       -1.883193348537423       -5.720280572353063        2.226653440275923
       -2.567177264466460       -5.049262797696533        2.751773617246352
       -2.393806028707924       -6.119194075040675        1.348836151622568
       -1.621941294027281       -6.542337976335951        2.894707669482702
       -0.407672811508863       -0.423102308370193        0.871497613759791
        0.477128183507746       -0.499105952944817        0.240880688639972
        0.364680875221692       -1.325282646528620       -0.456770224349865
        0.610380699149287        0.430014027820592       -0.311470318698660
        1.697197909925862       -0.730267209363052        1.107405512644437
        2.722172182053938       -0.101220166670261        0.898038330096446
        1.606702106825177       -1.631643604938792        2.081195780237244
        1.105125783943314       -1.307116491791544        2.894564832538817
        1.323403124880934       -3.037100817572576        1.789478358037722
        1.515037615963519       -3.223091404409649        0.731451506049648
        2.298470354624166       -3.903464872339188        2.597689628454295
        3.325406359321025       -3.624215933610869        2.356246329608076
        2.130338808494252       -3.753760626902953        3.665435715987633
        2.153374833096804       -4.956821991935427        2.357134696525189
       -0.150690919006336       -3.393287247467520        2.067698213971021
       -0.852790754535808       -2.648388660591455        2.749069393154080
       -0.614014166587383       -4.533531015455961        1.540074710728263
        0.022787285005271       -5.100821099560231        1.002898548426827
       -1.984547584686208       -5.013107947876201        1.711068374712653
       -2.685836217343694       -4.276703012519510        1.313021543925554
       -2.123472445376132       -5.960918589064478        1.189104012759028
       -2.196181222968569       -5.153062427907287        2.773286752791812
        1.006215619891326        0.733552907866990        1.388315419879124
        1.087626925231791        0.206069478134067        0.439649267607390
        2.116103923625996        0.231941877413116        0.085297355298136
        0.435533201873874        0.676204772356416       -0.295389102623743
        0.657101436056264       -1.229189783732135        0.628810253473078
       -0.297138204790811       -1.676485727362530        0.003109849185354
        1.356513945461658       -1.955832682585223        1.498240186151824
        2.100153680480989       -1.515686890428337        2.012905165108557
        1.014694906852311       -3.338488049571631        1.826273275289362
        0.897194032895542       -3.893348332381027        0.894296120875669
        2.176801437954193       -3.965826070389805        2.607678919510900
        3.088857074259063       -3.931257895738686        2.010886636587497
        2.333234239369951       -3.425401049696905        3.542795555242029
        1.941829876486239       -5.005680866985859        2.837248984450925
       -0.321010577959338       -3.399866575200232        2.596758705558019
       -0.407992067391823       -2.959139096704730        3.739168172499100
       -1.372369896302995       -3.937690116870659        1.973121662196456
       -1.803069297914389       -3.311903204873190        1.305403528664635
       -1.407364290542511       -5.347288770581182        1.590386300367122
       -0.948126670233638       -5.482853319275485        0.609511966747108
       -0.874104248654251       -5.951005241286623        2.327818247936758
       -2.443685046649487       -5.686825362106317        1.546713529994669
       -0.142599300396251       -0.151594108073569        1.306434507669574
        0.354111520175767       -0.506160203833594        0.404419034168937
        0.475672662515793        0.321731078883846       -0.292709182403648
       -0.237691774860942       -1.290727686140256       -0.060668242908830
        1.722326432325659       -1.048197087226319        0.760860225114855
        2.694301723791796       -0.737491625823204        0.090948170796026
        1.815410807841254       -1.864765887656482        1.806657779987666
        1.780922048022357       -1.397241107251131        2.699911882722271
        1.110797765550033       -3.146605294960648        1.830050697560401
        0.903140969739460       -3.444916010821305        0.802050269101618
        2.048998464298245       -4.194705010000864        2.443733618382942
        2.972291228863456       -4.245949207028695        1.864552109020093
        2.287899319567910       -3.921044191335078        3.472641579412445
        1.574164900986848       -5.175249014430500        2.438840691907160
       -0.231731526295707       -3.040733129367921        2.589269075138655
       -0.381640187893212       -2.189868749008074        3.460147430769802
       -1.237462735559356       -3.875586891406334        2.307564927875457
       -2.067150748766405       -3.737361545505814        2.865819919850027
       -1.265456261674317       -4.926462553169639        1.289435053893667
       -1.108789285045050       -4.498027904268363        0.297550850676273
       -0.493360530271999       -5.671384747907359        1.489063458512416
       -2.237155492915354       -5.423659123668727        1.302426142752190
        0.583616146365515       -0.353034878839821        2.100548366251931
        0.990248819344108       -0.328899940275627        1.091931291577981
        2.061444161161063       -0.140915170584374        1.129219247397697
        0.500014774978693        0.459155378259340        0.522011663142392
        0.724004806064236       -1.655828097617006        0.419107400787430
       -0.239042221634848       -1.789832796799077       -0.320274806333679
        1.567257650407023       -2.660409128083367        0.644706314961105
        2.347351957187327       -2.741327865239035        0.013554208514098
        1.534595822938800       -3.582550125840618        1.791965538734457
        2.185952189998103       -4.414504895394858        1.522484682016258
        2.185920788676100       -2.906542769151464        3.009283549518237
        3.149964927506257       -2.478391679452320        2.732889257478873
        1.535007950932273       -2.123797815263786        3.398177043190480
        2.344405542070146       -3.646448752389163        3.795442906168892
        0.175247259287015       -4.255195695687488        2.126219613312894
        0.088227787497757       -4.964137448418436        3.126003091123346
       -0.871956620276653       -4.067484466539184        1.312243980068496
       -0.747698398454946       -3.445129106604639        0.519670913091102
       -2.194118195414147       -4.654969209494760        1.516877163585912
       -2.878560916343787       -4.314349703063195        0.738621336229143
       -2.122809776911573       -5.743686313042693        1.485293555363184
       -2.582074455378462       -4.357719520478493        2.493023683819769
       -0.034051055156498        0.620459656254013        0.739908404676098
        0.744114602868014       -0.081801312042595        0.442650962505726
        1.720201699077480        0.377916162376724        0.585826545185663
        0.608649730828421       -0.352947630052080       -0.602662519404597
        0.641160546506711       -1.319898290840781        1.301801116701126
       -0.227232841258998       -1.390311998410404        2.160845554649908
        1.537272287306837       -2.278468483734220        1.058458474102776
        2.200620899919703       -2.085172101207529        0.326944314389717
        1.660746014238781       -3.599612533476267        1.701885804077707
        2.472263170408753       -4.114009431881316        1.185365798971517
        2.131812533616010       -3.419991698682657        3.152653411642467
        3.040713122515534       -2.818184189921459        3.179345448195805
        1.356780919425350       -2.928996815066082        3.742806397418570
        2.341144095340566       -4.397127780216057        3.590150292814632
        0.451016614151190       -4.557943721902259        1.581952065321993
        0.651663161446113       -5.723156095784990        1.248625599516221
       -0.780932414130484       -4.088640842954874        1.814873362675280
       -0.843347708172733       -3.115717647141427        2.099862038367413
       -2.014067173248702       -4.876748394724548        1.763805747516082
       -3.056800372278757       -4.722966962144541        1.483161789057423
       -1.847129226046345       -5.428943753251477        0.836453062747486
       -2.417598607356958       -3.863736135195186        1.774286328870975
       -0.337588286664965       -0.542621751798521        0.426118693756199
        0.692717389432964       -0.361470802452326        0.724474608120941
        0.781716539836828       -0.434690706990828        1.802557200811493
        0.982698380986980        0.638989493867329        0.409106222465286
        1.588430559720332       -1.367625743050786        0.033589095971091
        2.145754361762209       -1.037837062394737       -1.001885166322017
        1.823740429669215       -2.591333575042217        0.514106685696857
        2.464530391870219       -3.099599735885281       -0.072953744505261
        1.320890513016151       -3.327738576421571        1.686926632581856
        1.694452364635733       -4.342122055782659        1.546238646719570
        2.004307861249633       -2.836650653922188        2.972309292608360
        3.084722284940405       -2.794079620497226        2.828473695557000
        1.640108692613244       -1.848737953951601        3.249286123448406
        1.783561891811221       -3.525280098154663        3.788516397572524
       -0.213387355343011       -3.482827279909007        1.823523121111895
       -0.963082036692629       -2.513506712905786        1.865967972772336
       -0.678888713399952       -4.732155571417272        1.962603784347753
       -0.017898279921136       -5.491909699196968        1.943119939067478
       -2.093484395673033       -5.061085388467436        2.134269542017350
       -2.662987116404471       -4.696444590595960        1.276700726259670
       -2.225608010435198       -6.140355102999705        2.221364816349726
       -2.477707467010435       -4.576916812030731        3.034585713591154
        0.712886975122331        0.080045425127322       -0.642988917047697
        1.025965558075748       -0.824675928399303       -0.123336554374263
        2.112075944630219       -0.888198775690140       -0.138901031629985
        0.591964648316348       -1.691175339668756       -0.616650894717484
        0.545399592715090       -0.751677325260713        1.312964317550798
       -0.053986478866642        0.237687271396470        1.700628775917885
        0.772149974326737       -1.766654502045727        2.143843838627864
        0.423678023819414       -1.639834031658311        3.079980949593834
        1.422626054115131       -3.043860182664873        1.827141476414010
        2.248972953609157       -2.866303725400031        1.138256474671014
        2.019281826516614       -3.599294251102003        3.126724087920912
        2.718081527029236       -2.878686762116480        3.553754011885954
        1.225897670044929       -3.806282987496586        3.846125423567982
        2.555523875176673       -4.525584479380890        2.914394769205612
        0.487062992541426       -4.073154065087220        1.152923978790725
        0.958176685193682       -5.043511130548264        0.571515993761642
       -0.834986230103009       -3.881151941612504        1.200574554619599
       -1.251306221339338       -3.632212530505345        0.316823841516945
       -1.675306499938197       -4.729808153098783        2.040839683540750
       -2.726061281269894       -4.471378378913791        1.899580109288671
       -1.527023767507986       -5.778752064524372        1.773287763526442
       -1.414073822207670       -4.591536141349713        3.091517347368792
        1.520861738978152        0.539912535065662       -0.105729550669267
        1.366263969250928       -0.485477703134886        0.227624843736126
        2.300712175218619       -1.034647010126150        0.142842792993199
        0.595825060056217       -0.949425715858829       -0.383846758506574
        0.915807144150480       -0.461495676807369        1.675466029795452
        0.736615948359625        0.610961606554058        2.229622526145144
        0.713887097870518       -1.603220831376373        2.329965508637713
        0.372760047228308       -1.507553947267254        3.276246895640242
        0.858586070858693       -2.973397014845924        1.830031735474089
        0.688696756021233       -2.995796467694329        0.753696776077104
        2.288838693490566       -3.457148199992884        2.112545365509413
        3.012263740971835       -2.792560627678474        1.640046453168750
        2.468939143317136       -3.470250356322739        3.188881815830580
        2.424650868177073       -4.463748134836729        1.715909126313108
       -0.179249537894558       -3.911162207222145        2.477398761606072
       -0.667995230933795       -3.659910364774975        3.574821659177930
       -0.511845847591119       -5.018402487830039        1.810762698186134
       -0.179151755233222       -5.866580082631394        2.243380363822042
       -1.841702074222768       -5.143217852291531        1.219179118884524
       -1.983828010053117       -4.381674513476587        0.450104409540830
       -1.960159492363947       -6.130056399024867        0.768730782552713
       -2.603776505656849       -5.011148548426267        1.991318646084662
        0.220745769088254       -0.461450970559234       -0.700137296330863
        0.693710227676886       -1.249284286793781       -0.115389757295474
        1.766965843759589       -1.232959513813695       -0.293339493889991
        0.281281554478973       -2.212222968477366       -0.407832597119836
        0.424405735358175       -0.993985952450687        1.354940959334004
       -0.184998910507758        0.007577860068511        1.692867283787885
        0.846575970954445       -1.862438628505941        2.271266473779590
        0.635285631013306       -1.616583023112854        3.224431819166191
        1.515227404772696       -3.146232666135606        2.028995334771628
        2.188794628066806       -3.048341873810835        1.177075648085887
        2.374167521225087       -3.466846912699508        3.258820256791910
        3.090273621542269       -2.662373544093819        3.432240366374165
        1.741738273351509       -3.585469414048858        4.139616530888920
        2.922738167245446       -4.394471133800919        3.087761586642704
        0.543208793597406       -4.303095389906407        1.704137378905723
        0.949107281294117       -5.297187409021685        1.113795311162295
       -0.744991865089160       -4.187675278346079        2.044139132668648
       -1.029521129527060       -4.800638761347775        2.792149981259459
       -1.775536288645998       -3.956835921486717        1.033741583558404
       -1.902530123156142       -2.885029221966654        0.869243745941255
       -1.494183249591137       -4.433983550667203        0.091812322182508
       -2.725464856907691       -4.376471439022892        1.368663429334939
        0.145485755383603        0.730724495287638        0.267052544428020
        1.032296445230890        0.107861650162509        0.378166607453640
        1.732241236104665        0.589044238359127        1.058306492546859
        1.496874294703418       -0.038929956343711       -0.595109998809245
        0.621540926229213       -1.231498874311611        0.943458728749175
       -0.557322143017822       -1.451502582387380        1.190070138691177
        1.604363122501657       -2.110650960857029        1.146824532291190
        2.534395325012886       -1.824957833381616        0.892386404353436
        1.439427233142550       -3.489557233085129        1.624367000175898
        2.382124932659698       -3.998009409153272        1.419158406964499
        1.294774590054949       -3.491344214870646        3.154919177351886
        2.156038103305737       -2.996723647690402        3.604978380678990
        0.391361096200732       -2.955572467273635        3.448434101758866
        1.251362074562908       -4.516620536233849        3.522262089922160
        0.391465044152158       -4.290444484987734        0.808638769120840
        0.741700629619824       -4.818442055418530       -0.241607519719293
       -0.889274671112071       -4.344671842794129        1.193686398477020
       -1.469331517010573       -3.618608167863558        0.795425516806170
       -1.389825407342356       -4.980769366746515        2.410196274672475
       -2.336394126030783       -5.478852420398254        2.194343404846363
       -0.679268060044274       -5.727058931955285        2.769437625953898
       -1.557034884307032       -4.229415398057031        3.183604923285949
        2.335951096692659        0.226965663734694        0.437024167986420
        1.614065639759496       -0.503307423423479        0.076230242509488
        2.138092786566669       -1.414910144657278       -0.187268765977420
        1.116771902592072       -0.107301766546271       -0.807442206116674
        0.570250918238964       -0.710652265444726        1.159561042730853
       -0.170227380868672        0.215038881722038        1.445939812135217
        0.437657417624831       -1.865688071773231        1.811421568744288
       -0.224318623649767       -1.825440795976809        2.570024150855974
        1.148630458360466       -3.139399696670947        1.622814646701849
        1.496621901877555       -3.217624059063426        0.594830524421971
        2.374125713456538       -3.148158672842968        2.549718082939977
        3.004373938765798       -2.281538288024411        2.347131917226327
        2.053565356098211       -3.125420641280317        3.592143083653955
        2.959115960125049       -4.053335625330516        2.379617214385873
        0.241957622312217       -4.377572014576058        1.829691429189524
        0.740119203786003       -5.488226292314408        1.990238307666095
       -1.086901694967093       -4.194282585610893        1.830756963195154
       -1.433173606287248       -3.263613839253958        1.656399442042459
       -2.062303602193679       -5.265169167613388        2.029245967649760
       -3.076844940389686       -4.865635492412675        1.995162427020323
       -1.945632260249849       -6.019328846338475        1.248181628489159
       -1.894897807650553       -5.741398856302526        2.997578352549439
       -0.032387038547274       -1.888361232195418       -0.340804896703815
        0.568217247667478       -1.015553799347798       -0.093677875943502
        1.584699086653682       -1.144083135196014       -0.460041855533972
        0.129265284968928       -0.134396416658687       -0.560094731192738
        0.592871546639507       -0.810262776596989        1.408122259877714
        0.158169800483932        0.223260169562423        1.887114554139970
        1.070623668542203       -1.763368726749153        2.206098723239434
        1.096780499261573       -1.529647874193065        3.186021214208568
        1.574250604773435       -3.083829230300859        1.807113616459102
        2.174451526952341       -2.978804037112003        0.902537533750293
        2.503679541274501       -3.584555161452540        2.920340585819370
        3.308806545558589       -2.867296104498120        3.085569344450049
        1.942801936615264       -3.722011728101009        3.845831304426987
        2.940778406611041       -4.540529422195046        2.627125955437648
        0.465189609168635       -4.114138626981911        1.491728608271353
        0.760401743836464       -5.163208610751656        0.927553513102407
       -0.796977557690249       -3.812676004217092        1.833837749819836
       -0.949223719200861       -2.924478760996273        2.287414026957238
       -1.963777052004383       -4.664274408280273        1.597107981623485
       -2.679469281988336       -4.143716475593401        0.958974349074917
       -1.669818819634844       -5.594338347066384        1.104779476433826
       -2.442333579941599       -4.909729291078692        2.546348562281851
        0.686154362965173       -0.470306865198367       -0.272914274080725
        1.630419214842818       -0.344627513503448        0.251740424961813
        2.333748258430510       -1.120496209164942       -0.040527659901769
        2.050058498471065        0.630584737875562        0.008146442722716
        1.389880021644361       -0.408573839327291        1.747653301870103
        1.615032832003807        0.575384281639367        2.433514655775214
        0.931511801280557       -1.528990995145935        2.302029120422395
        0.760747425682460       -1.483853904337293        3.296927829167736
        0.591238113082361       -2.793800809758186        1.644214223887538
        0.296707202851490       -2.607988374260839        0.611540976635123
        1.830842637588249       -3.701000627419038        1.645071549794086
        2.663931712740916       -3.202704216179152        1.149183037085331
        2.116814611538396       -3.934879904243966        2.671988641930653
        1.611578326293452       -4.628479880537838        1.115901395569947
       -0.598935290400037       -3.477199725192400        2.347175876617356
       -0.828213870756405       -3.286110696787102        3.537699269589542
       -1.353419138367753       -4.308769122150467        1.625044078575601
       -2.291599508846680       -3.970549244082902        1.473794474036972
       -1.287039098174142       -5.749739801243844        1.858804731108710
       -2.064803220216259       -6.257658505780967        1.286222708999820
       -0.312862002563014       -6.136280481329957        1.554702082293030
       -1.434792890091338       -5.959958303871003        2.921087112938785
        0.211246613541981       -0.751483078681438       -0.156431400670559
        1.077358648066154       -0.347552770772450        0.362203880811926
        1.992486669810367       -0.794106868620205       -0.020565121642281
        1.115922667432422        0.730836600398043        0.212521122411236
        0.956903673543121       -0.626483483135662        1.847601514504227
        0.838072108253147        0.304401533562118        2.626787179186038
        0.971164268859022       -1.879936479862927        2.296376051652212
        0.912495862197819       -1.974406759358467        3.299329041760325
        1.089160990111958       -3.116545514949872        1.519197872050693
        0.771617101437136       -2.946261279622960        0.490979107308996
        2.567772401772024       -3.535609300198782        1.493341546811098
        3.172101314799197       -2.756849850990128        1.027696719055017
        2.926761650698025       -3.705212561007429        2.510037563386645
        2.677202693600204       -4.458915445915706        0.923210930592369
        0.169239410849732       -4.207780229424622        2.105613790037025
        0.587445730950750       -5.013825479814861        2.932629103398733
       -1.103602691967253       -4.209508317363668        1.688326019442024
       -1.389263207655231       -3.498750602198766        1.033929941132305
       -2.112441586147904       -5.160783418086426        2.152147183316705
       -3.068225703908310       -4.970665789353117        1.661966570369221
       -1.789030028843583       -6.179703784719025        1.929105245086867
       -2.237388587400825       -5.066857119883654        3.232996139999166
       -0.405919839265343       -0.688448694846834        0.963250984659162
        0.355728949003392       -0.684082806884883        0.186200542708099
        0.350754374248559        0.284923675341096       -0.311041998379991
        0.162750025548317       -1.464922782644193       -0.545147699991137
        1.718382421178921       -0.895736572560452        0.817374899318237
        2.574259759667563       -0.032171948016884        0.707822852751829
        1.982434645168036       -2.025900937961682        1.469933885560400
        2.886963892129405       -2.061049769280627        1.910409882122264
        1.087293085233387       -3.170470397158137        1.667235213279695
        0.604648093228314       -3.384908276986030        0.715107087375797
        1.951282463099399       -4.383172167043462        2.041664248446097
        2.694894023592492       -4.563951806016578        1.264194941700540
        2.459420428275168       -4.196745806181703        2.989345429065412
        1.327621818220241       -5.271084745774428        2.145457448644370
       -0.018130093392796       -2.903764725002851        2.719935656229379
        0.126916159811555       -2.038954349683109        3.575629115624648
       -1.148129858636699       -3.621301019579622        2.724039837106447
       -1.788213956815021       -3.361587843077745        3.460407453062404
       -1.558415651213586       -4.711771821750316        1.834461095317968
       -2.524535536078107       -4.472015391006478        1.386271737025216
       -0.840329953111875       -4.886784451646780        1.034101517534167
       -1.662675249891365       -5.632097362238401        2.412345870838861
       -0.523058466633679       -0.892487959886044        0.725902055754119
        0.251021266446195       -0.836811723756227       -0.036491836325340
        0.195622641830405        0.130461058046052       -0.534430991787486
        0.123549059106642       -1.627834559042032       -0.772045223705538
        1.613580688521024       -0.967835975423801        0.615642797714965
        2.440025455829624       -0.083316691475443        0.461202035163450
        1.902100954965007       -2.041182265310707        1.348627869155310
        2.798119460417081       -2.013153259728206        1.809385456332165
        1.040649766499235       -3.190830767517649        1.643370792709655
        0.233061310034691       -3.229671405704984        0.915506571552695
        1.871309813402334       -4.468794496494687        1.466607759974673
        2.272305937245959       -4.513575251426627        0.453101935654604
        2.697051233510885       -4.475419572753371        2.180143270392578
        1.247890727149135       -5.345958715340545        1.640089114564453
        0.414881622303611       -3.098585246736627        3.055200747785650
        1.023616257940053       -2.564924237384836        3.975227159999925
       -0.788245452290151       -3.631134446133809        3.295086250659448
       -1.104268570762443       -3.533687640787840        4.248971397577307
       -1.670025041339924       -4.313607836567749        2.347552371719543
       -1.994166101656070       -3.621352440391743        1.568105664285856
       -1.155218240242664       -5.160938293711260        1.891118595972051
       -2.552804322276935       -4.685358272471912        2.871126204849716
        0.406797270906655       -0.124661872582491        1.411666732025011
        0.774619227084075       -0.153808963420754        0.387950360749146
        0.147664910059895        0.468281192321297       -0.248434337523706
        1.800677287020358        0.207155466870557        0.365117312715019
        0.736945850144672       -1.577612824943307       -0.116593002641524
        0.005838392879032       -1.889950785004312       -1.044574256350979
        1.511358617731085       -2.469791802786012        0.489417027042078
        2.217147543021300       -2.870823679652574       -0.103742043836087
        0.901056624284163       -3.444290804513420        1.394710570971969
       -0.002571792042963       -3.817851173833320        0.911784735084621
        1.867306613052228       -4.625367979767847        1.556267979070314
        2.085061976060337       -5.065109753196679        0.582168421083970
        2.796200757489742       -4.282361750366187        2.015217049308351
        1.418650496622098       -5.386977336032285        2.194325639087200
        0.501804796967881       -2.836067533533534        2.761992500336476
        1.168462278549429       -1.943314888287274        3.274330969138928
       -0.565019771838223       -3.304206610448875        3.418749714451626
       -0.738730815025148       -2.858078497753606        4.307142769927505
       -1.493045451423550       -4.348353447321705        2.983170926994704
       -2.015391237784846       -4.032861822521879        2.077354875356011
       -0.955328597014228       -5.277528794547823        2.786398405374519
       -2.232504976744174       -4.532416338678168        3.764577651634768
        0.125834276632519       -0.090683033455960        1.063694369487872
        0.915406793253273       -0.811855276687838        0.861631911125931
        1.683983810423668       -0.341678616778488        0.251612861877384
        1.357571894110927       -1.126283338956361        1.800185699172572
        0.322270065434240       -1.964914479665032        0.071780314625816
       -0.345081452386818       -1.711611863732165       -0.917767978890566
        0.503693142535101       -3.241920192126221        0.413330691412970
        0.098260532965313       -3.889785084139616       -0.242134324086057
        1.121222346039744       -3.825142278138813        1.613407698384455
        0.849176365611322       -4.880625967561230        1.603459680065513
        2.652778959690430       -3.789985831578656        1.470337848264930
        2.950205005093178       -4.249971763335565        0.527358624636590
        3.016322549715250       -2.762924923596096        1.498271903914712
        3.109456846161768       -4.344025254961091        2.291592457609476
        0.577843798057884       -3.300998569387855        2.972079372326439
        1.349096329272989       -2.929417285822979        3.848942265233768
       -0.737906190572497       -3.209591289208437        3.203161134417633
       -0.972143514182368       -2.822661098709124        4.105415687364474
       -1.843796493087459       -3.637439462898552        2.344723993919572
       -2.008394124820219       -2.905638082053900        1.550823760220986
       -1.631106333303350       -4.611489786939708        1.901121824157582
       -2.757694606645068       -3.717356520266495        2.935970204757870
        1.017392060410926       -0.488547109203823        1.704782843046133
        0.260330426364046       -0.658648200873581        0.942002997156050
        0.046142491221955        0.289171060142175        0.450250878137489
       -0.657238989349846       -1.042743055605758        1.378023101502058
        0.791085149754881       -1.628851508498355       -0.092611066024518
        0.932257658943169       -1.235470671766549       -1.239464025880530
        1.086623728690608       -2.902195917567219        0.182577054867869
        1.438800593743873       -3.380861010349545       -0.630358004514947
        1.054863304184418       -3.719130164675255        1.410265850818671
        0.323115058827941       -4.509363432390150        1.251124514546837
        2.421149376126034       -4.413696670284833        1.517298218681125
        2.615394188037101       -5.002796376687068        0.620318172297461
        3.210123733216114       -3.668407740100337        1.634828159553815
        2.430563586626860       -5.076169043529511        2.383756695456985
        0.699667767366871       -3.009822495987493        2.742976220577573
        1.544881075346752       -2.378582447141357        3.367584613643905
       -0.536334181369745       -3.104566801065761        3.246508309719688
       -0.665337955829315       -2.630899973281250        4.128640198124049
       -1.694312644511243       -3.774086698917601        2.653226987772484
       -1.838325987740840       -3.441992063606681        1.622836027373917
       -1.551837374184114       -4.856395045989935        2.669283758270270
       -2.592003065876690       -3.531944632620275        3.225148494873588
        1.859755533261612       -0.375989293983720       -0.167255351451562
        1.086354036700015       -1.053033150720035       -0.524791099493446
        1.203139877489973       -1.202345072574150       -1.597718031454783
        0.101681639564851       -0.638325683686260       -0.319757698976239
        1.228355621551435       -2.386667985266822        0.170660501031002
        1.434350991468915       -3.399003732020773       -0.482180341643509
        1.095142737213162       -2.382209533622416        1.495791534033178
        0.924444848305007       -1.502967592225950        1.951974845707086
        1.283253230893824       -3.561261477848566        2.346704236793871
        2.016450171741176       -4.203501805522270        1.854903935110313
        1.926616145714706       -3.076293200537519        3.654765599323130
        2.830969208895025       -2.506146300380138        3.438390916058494
        1.224137845441252       -2.452704080300351        4.208794980657834
        2.198209416779754       -3.935192897965154        4.270591669075518
        0.056684618368739       -4.483336033510327        2.617839038749007
        0.213447559716599       -5.460436996800979        3.341490780691018
       -1.181024219658564       -4.286685654343890        2.137559240905112
       -1.824409865544388       -5.006554186102999        2.430081890956092
       -1.723554708990951       -3.255451117780916        1.255033827431656
       -2.802134445606378       -3.390318846004460        1.159454545280596
       -1.535327747515254       -2.262726806795086        1.664952396007407
       -1.279542495790513       -3.344848552007248        0.261712585208232
        2.423454617302502       -0.500894167327063       -0.804548093450302
        1.738529918409576       -1.256235433544699       -0.423209316842198
        1.260082401968639       -1.768556155612570       -1.255467779160152
        0.982162871013023       -0.781471961496392        0.197268763911156
        2.516075216380466       -2.254301752089487        0.405441656487414
        3.688517534418417       -2.028273233760387        0.664491657730773
        1.926982393382777       -3.377181804889868        0.824937412069340
        1.860493783181073       -4.079118932515279        0.107263938936794
        0.829418994440878       -3.442462586117331        1.805475301284994
        0.851513693529169       -4.460950720940340        2.191256234716768
        1.157984806328372       -2.529987553156840        3.002670913093643
        1.087866438014283       -1.482630374453329        2.706248587294527
        0.466817264341409       -2.708185555907782        3.823807916043881
        2.171159929698979       -2.732300368726677        3.354478960598530
       -0.595930227815432       -3.247993241386973        1.221079579328582
       -0.767234821857993       -2.779630393878233        0.102841290416954
       -1.675533641097877       -3.632175539250100        1.912510935855028
       -2.549275065129911       -3.458368592330134        1.437706517994147
       -1.738626779583492       -4.284879745759727        3.221469408733466
       -2.704707504924994       -4.780237373300098        3.334718924510355
       -1.638106224187153       -3.543238016708735        4.015806502577108
       -0.954645597812764       -5.036926496847914        3.322750687869275
        3.362003444554713       -0.832794706750147       -1.067645329028669
        2.541195168677661       -1.548462214200231       -1.040722810964653
        2.826191108070341       -2.450876285227622       -1.577355321428369
        1.657867694394873       -1.103625193577143       -1.495604041696679
        2.239093404271155       -1.891896509887392        0.399883423901692
        2.912284111728625       -1.379820169030826        1.283026842213088
        1.243032911822320       -2.767440202797875        0.576094425194135
        0.791723594928697       -3.045684603017845       -0.279066933462162
        0.535314238711924       -3.208474387736880        1.797801194487203
        0.626809972941857       -4.293054957854018        1.829344097748457
        1.154774293797016       -2.673608239367662        3.102948692901433
        1.086005689144494       -1.584888187464113        3.129181355174039
        0.629038993116352       -3.073534780242659        3.967456947454511
        2.200771520712724       -2.974852315366854        3.171066011390279
       -0.976294795524051       -2.883201104863501        1.697387694125120
       -1.379973926557881       -2.012309936070433        0.933352769019449
       -1.873567941449157       -3.567740355776404        2.416990977683960
       -2.826844490429274       -3.264569098772821        2.282600656052557
       -1.640492475866239       -4.685974812609444        3.332631803904447
       -2.588201832565538       -5.181662276710274        3.550555401652581
       -1.219024963159949       -4.323653187261295        4.271660594424298
       -0.964705721320799       -5.417876475414517        2.887411549253420
        1.099753067510109       -0.067437055306395        2.211366972279494
        1.888392103991419       -0.421516363971105        1.552924054670789
        2.468977073253810       -1.195410406860128        2.038982230300797
        2.544698482128171        0.414966905706204        1.319618323457993
        1.280468801301506       -0.928122751523103        0.259077261544478
        1.335231848049941       -0.212973504143522       -0.729852683825855
        0.733293935991957       -2.140510047236269        0.133248359674931
        0.408859597380047       -2.304475872524559       -0.805380935388409
        0.446210751583306       -3.216239394841099        1.099623002914719
       -0.084774594376986       -3.960883468077963        0.508626108421353
        1.747499355526956       -3.908639630680445        1.542085473990657
        2.414748249200906       -4.034576514521294        0.688227395074165
        2.249706733609760       -3.327887785623643        2.313239627876254
        1.524700069768317       -4.891893676436621        1.953268883670675
       -0.520260869781549       -2.865996599667159        2.263983911825486
       -0.632581587992339       -1.724798841781571        2.689388233835794
       -1.262662811564055       -3.822130127876213        2.834730426232930
       -1.850675482155166       -3.490468366553218        3.585321271652716
       -1.342404230886026       -5.242153851702680        2.488774002195466
       -2.154223812180823       -5.707996586861263        3.050470684908803
       -1.546351145210146       -5.367866693343803        1.424026174946068
       -0.411605535149131       -5.748989366174179        2.747251219740662
