in HEF
lbfgs: 0 E 164.998569091 rms 63.8739276213 funcalls 2 stepsize 1.0
lbfgs: 10 E -5.8864080823 rms 3.28737443552 funcalls 12 stepsize 0.130089979236
uphill step 1.65675594306e-06
uphill step 1.65675594306e-06 dE 9.15179043659e-12 gradpar old new 1.11101990417e-05 -1.7198590708e-10
rms true 8.67606179489e-06 transverse 8.67606179486e-06 gradpar -1.7198590708e-10 eigenval -6.70599618988
      rms: 8.6760617948921975e-06
  success: True
   energy: -65.3089337781597
 eigenval: -6.7059961898779799
     nfev: 24
   coords: array([ 0.61495395, -0.07102922,  0.60693462, -0.33080213,  1.49603859,
        0.81447328, -1.03728561,  0.12168913, -0.19141457,  0.58014102,
       -0.75296765, -0.30663191, -0.44382992, -0.63301535, -0.79972447,
       -0.50473749,  1.11609868, -0.23166779, -0.36136338,  0.43114551,
        0.64494964, -0.53896307,  0.44853791, -1.15472665, -0.35412712,
       -0.62259314,  0.33446191, -1.24464717, -0.15650352,  0.87157891,
       -1.30631495,  0.94081396,  0.54019218,  0.04441742,  0.17966679,
       -0.28919128, -0.52669716,  0.20858175,  1.68351231,  0.42142   ,
        0.99515126, -0.88469953,  0.46692098, -0.09388256, -1.23813129,
        1.11617002,  0.25487702, -0.36110543,  0.40044352,  0.77981925,
        1.33412257,  0.51255129,  1.00379709,  0.24434696])
     grad: array([  1.54716973e-05,  -3.02324841e-06,  -4.07470030e-06,
         9.12565985e-06,   4.89400240e-06,  -3.62626884e-06,
        -1.27714639e-06,  -2.37932186e-06,   5.95197505e-07,
         4.04210359e-06,  -7.16466888e-06,  -1.10525671e-07,
        -1.29626923e-05,  -4.12820638e-06,   2.23463975e-05,
         2.09224232e-06,  -5.82085520e-06,   4.26749323e-06,
         5.02691436e-06,  -4.66413045e-06,  -8.31670071e-06,
         4.88978223e-06,   3.22117506e-06,  -2.46786393e-06,
        -2.52454855e-06,  -1.32379888e-05,  -9.10153096e-06,
        -1.19791188e-05,  -7.33692846e-06,  -1.32929625e-05,
        -6.32987298e-06,  -4.04270420e-06,  -8.00573267e-06,
        -1.30045917e-05,   2.02173527e-05,   5.27828514e-06,
        -2.36930513e-08,   8.19931902e-07,  -1.21969521e-06,
        -3.82721052e-06,  -1.78577277e-06,  -4.95783844e-06,
        -7.31453175e-06,   1.30018312e-05,   1.09026980e-07,
         5.79291505e-08,   3.15271495e-06,   2.60813801e-05,
         1.64903473e-05,   8.80508548e-06,  -5.24475807e-06,
         2.04672988e-06,  -5.28268334e-07,   1.74079682e-06])
   nsteps: 1
 eigenvec: array([-0.08402175,  0.06133487,  0.08062139, -0.01221318,  0.13960074,
       -0.11746325, -0.02137816,  0.03618561, -0.01639667, -0.03596099,
        0.00953468,  0.10484455, -0.00796865, -0.00794972,  0.06702569,
       -0.00080883,  0.03625015, -0.0730013 , -0.07082626,  0.1272391 ,
       -0.00478634,  0.01803353, -0.02972585, -0.01248837, -0.04802149,
        0.08271153,  0.08999915, -0.06204132,  0.10695406, -0.01143365,
       -0.06118709,  0.11070363, -0.13190299, -0.02154277,  0.02026534,
        0.03423666,  0.4641588 , -0.75997193, -0.10272112,  0.02052946,
       -0.02836564, -0.01144314,  0.00892445, -0.04206559,  0.06111608,
       -0.01676575, -0.01368907,  0.06759414, -0.05367236,  0.11106997,
       -0.01004816, -0.01523767,  0.03991813, -0.01375268])


now the same with the old version
lbfgs: 0 E 174.900891652 rms 44.5467584171 funcalls 2 stepsize 0.1
findTS:   0 E  -65.3089 rms 8.67497e-06 eigenvalue  -6.70757 rms perp 8.67497e-06 grad par 1.71659e-10 overlap 0   Evec search: 64 rms 5.57007e-07  Tverse search: 1 step 0  Uphill step:-1.65298e-06
lbfgs: 0 E -6.70757108565 rms 0.000106747929093 funcalls 2 stepsize 7.11830853685e-10
findTransitionState done: 0 -65.3089337782 8.67496793887e-06 eigenvalue -6.7075710863
      rms: 8.6749679388712872e-06
  success: True
   energy: -65.30893377815974
 eigenval: -6.7075710862996472
   coords: array([ 0.61495395, -0.07102922,  0.60693462, -0.33080213,  1.49603859,
        0.81447328, -1.03728561,  0.12168913, -0.19141457,  0.58014103,
       -0.75296765, -0.30663191, -0.44382992, -0.63301535, -0.79972446,
       -0.50473749,  1.11609868, -0.23166779, -0.36136338,  0.43114551,
        0.64494964, -0.53896307,  0.44853791, -1.15472666, -0.35412711,
       -0.62259314,  0.33446191, -1.24464717, -0.15650353,  0.8715789 ,
       -1.30631495,  0.94081396,  0.54019219,  0.04441742,  0.17966679,
       -0.28919128, -0.52669716,  0.20858175,  1.68351231,  0.42142   ,
        0.99515126, -0.88469953,  0.46692098, -0.09388256, -1.23813129,
        1.11617002,  0.25487702, -0.36110543,  0.40044352,  0.77981925,
        1.33412257,  0.5125513 ,  1.00379709,  0.24434696])
  message: []
     grad: array([  1.53506339e-05,  -2.96180541e-06,  -4.09294780e-06,
         9.08936210e-06,   4.81830260e-06,  -3.53092754e-06,
        -1.23958381e-06,  -2.42686693e-06,   6.50947514e-07,
         4.08498113e-06,  -7.15523472e-06,  -4.45317687e-08,
        -1.30781276e-05,  -4.26946101e-06,   2.23613404e-05,
         2.10224200e-06,  -5.76799030e-06,   4.19879097e-06,
         5.06911403e-06,  -4.76367345e-06,  -8.38511824e-06,
         5.05082868e-06,   3.26900604e-06,  -2.51092886e-06,
        -2.48832071e-06,  -1.31151989e-05,  -9.10871777e-06,
        -1.20372866e-05,  -7.39435913e-06,  -1.32656202e-05,
        -6.36181554e-06,  -3.97575100e-06,  -7.87535506e-06,
        -1.30371029e-05,   2.02690684e-05,   5.33791833e-06,
        -8.32479022e-08,   7.43233172e-07,  -1.20860340e-06,
        -3.79516516e-06,  -1.76580229e-06,  -4.99802391e-06,
        -7.36716130e-06,   1.29209456e-05,   4.60161043e-08,
         6.68088517e-08,   3.21204157e-06,   2.60571523e-05,
         1.64383935e-05,   8.81291915e-06,  -5.25915672e-06,
         2.23544737e-06,  -4.49373481e-07,   1.62776561e-06])
   nsteps: 0
 eigenvec: array([  8.37361637e-02,  -6.26470744e-02,  -8.01880671e-02,
         1.22644540e-02,  -1.38788106e-01,   1.16072093e-01,
         2.11061039e-02,  -3.69788563e-02,   1.62843946e-02,
         3.54507016e-02,  -1.00034991e-02,  -1.05834580e-01,
         8.93228004e-03,   8.66781091e-03,  -6.84839141e-02,
         4.80230408e-04,  -3.68530870e-02,   7.28933544e-02,
         7.08195248e-02,  -1.26983233e-01,   5.17302856e-03,
        -1.92339257e-02,   2.96025114e-02,   1.30858274e-02,
         4.73374596e-02,  -8.33638249e-02,  -9.04221484e-02,
         6.26688790e-02,  -1.06195109e-01,   1.22457931e-02,
         6.08644722e-02,  -1.11126831e-01,   1.29736770e-01,
         2.13139685e-02,  -2.07073456e-02,  -3.38879420e-02,
        -4.62367947e-01,   7.61228553e-01,   1.03517966e-01,
        -2.10785237e-02,   2.85526391e-02,   1.25671904e-02,
        -7.99060172e-03,   4.40917174e-02,  -6.08349252e-02,
         1.66153690e-02,   1.30407338e-02,  -6.63236866e-02,
         5.45865108e-02,  -1.10795288e-01,   9.97330274e-03,
         1.44948805e-02,  -4.07417118e-02,   1.44255427e-02])
