        0.039724851566447        0.691390657403691        0.728298048320705
        0.782988199071680       -0.037255868457231        0.406228221826434
        1.778436018883995        0.389269235457684        0.514361907938453
        0.602084526520563       -0.305383114650694       -0.632958291811789
        0.667783357809541       -1.269694390712489        1.271936847125483
       -0.172611039002099       -1.309808987427836        2.159904079428649
        1.521315081225126       -2.258990540480807        1.000678028980917
        2.165138232546649       -2.089984054084084        0.246147805448325
        1.624456916233948       -3.580520388265744        1.647436589112894
        2.400378846929213       -4.123333537793764        1.106048311188430
        2.151822813027797       -3.406818202223597        3.079373930147226
        3.077608147574867       -2.830790170527966        3.070416484870500
        1.411855050715902       -2.891213930765062        3.693115222411274
        2.348912172880981       -4.387190203164494        3.515303615828750
        0.383096790755620       -4.503689678234145        1.580268987120675
        0.547328187581569       -5.698448585428920        1.345229288324894
       -0.837541428159119       -3.983434318646556        1.748564880630787
       -0.888468657009498       -2.994514566819951        1.972191773793493
       -2.082297575737530       -4.746150031468766        1.690282369443112
       -2.180991346353065       -5.216149619514390        0.710120434159636
       -2.070430567213589       -5.526931933157320        2.453102629123845
       -2.933588579849013       -4.086357771037552        1.862948836587290
        0.106555733455534        0.473152578797145       -0.143111613453469
        0.675776980952312        0.077566172520701        0.697370242948310
        0.212702947063131        0.391885950409509        1.630825865637152
        1.699375917319881        0.443926462025867        0.647193162377208
        0.678597849840619       -1.430665821417345        0.620423029060402
        0.086099035399974       -2.003088381490362       -0.285148822085443
        1.330951733215926       -2.078067724962565        1.584002337707308
        1.771935782185132       -1.532341099695048        2.305214766769804
        1.483209385972397       -3.535807751921556        1.657598188472754
        1.659050681672170       -3.904668332997373        0.645576283684863
        2.743323492094405       -3.844823951580319        2.480708100098360
        3.609560476716415       -3.350794615481586        2.039369061692816
        2.611647179360239       -3.503339841624148        3.508474832236335
        2.918697011606700       -4.921628705258062        2.488231518592162
        0.210674307503873       -4.259283481932212        2.164944678123217
        0.254118236913325       -5.006092720666821        3.140908292452779
       -0.934213735240857       -4.008640765032551        1.518188639971213
       -0.883383899337042       -3.378924180596193        0.723109048588875
       -2.229858605769558       -4.586637015116408        1.867303001832294
       -2.177564343443589       -5.674812333992421        1.797483952329667
       -2.490212621909965       -4.314753093675103        2.891932234354528
       -3.000043545571049       -4.218161346313098        1.188403198608892
        0.366957319366862        0.774858895728686        0.552326926698917
        1.417519092212737        0.494375181683075        0.596981540983310
        1.851040350871467        0.824255559815566        1.538973774462589
        1.954187163181204        0.951913068229539       -0.233061101675103
        1.539092495230014       -1.007662150255700        0.489927720598461
        2.171469883629385       -1.509328381913450       -0.430102102571053
        0.928393079527774       -1.722177600202296        1.431732480095937
        0.390555769083023       -1.238796248499661        2.135403739362509
        0.894577546011837       -3.184010890380135        1.475646529631877
        0.968574679941031       -3.571556356599908        0.457991886515102
        2.105704975612168       -3.682733404881006        2.277215518801436
        3.026632636643183       -3.329525225838042        1.810502231634313
        2.054740639801649       -3.307706003111710        3.300531041639677
        2.117564519253601       -4.772690053967223        2.295710566191818
       -0.429139116582974       -3.688768791284486        2.080313426069715
       -1.105889701910958       -2.955498809414000        2.800915651716210
       -0.786118905320610       -4.948391605782969        1.798668737893441
       -0.176864150007713       -5.489605960497127        1.205355955215570
       -2.004291754436931       -5.583571064321641        2.298342747388908
       -2.877679876792397       -5.021737449071232        1.960736702722835
       -2.073856170014702       -6.609635606020815        1.934599261488200
       -1.996170475299690       -5.588007103415515        3.390286765135335
        1.037896760793185        0.454522311126582        1.060092505193292
        0.358416052272741       -0.188239598753214        0.503844580016724
        0.288183905033663        0.162831110851244       -0.525218697091562
       -0.628639056991527       -0.175342999257455        0.961045181264765
        0.895686604764039       -1.600297369480485        0.499983801273213
        1.173368825350617       -2.146952336493942       -0.556424920283087
        1.026787740822222       -2.188736283968651        1.687303928333250
        0.780994937408694       -1.663461179659603        2.507901326133075
        1.582053212113738       -3.532631016339717        1.876294368512805
        2.535959186701277       -3.570790988578427        1.346623693146034
        1.875435285225783       -3.709749209487232        3.372108538423513
        2.541291739060680       -2.918539232089679        3.718807018716975
        0.946987971541840       -3.684269183211637        3.943619029550748
        2.363600625293045       -4.672383798109871        3.532938777426808
        0.747222608844743       -4.722547824573186        1.328382219266402
        1.332532826267510       -5.747869432840523        0.999645274124517
       -0.589007905758585       -4.703697123317945        1.213796382354900
       -0.961956798771667       -5.542486780916136        0.795602506809509
       -1.553233458725552       -3.692708277333456        1.645611691688986
       -1.582805556251422       -2.876360260334233        0.921996471528810
       -2.547175027917515       -4.139239280330544        1.704588381921511
       -1.286600477077513       -3.307051246901858        2.630457941688742
        0.079420456958685        0.272526857486643        1.315282917051125
        0.567500333929572       -0.078091701229803        0.408296040167978
        1.210751953072825        0.708315221630341        0.014695803223226
       -0.175358374538827       -0.346906518694744       -0.339933264327703
        1.417732238389699       -1.285373763930137        0.728864666920856
        2.623424190194291       -1.253633521849631        0.530602459284560
        0.778153894380890       -2.342367064268712        1.227043754334592
       -0.216920778017462       -2.277025955799157        1.342674525660141
        1.420869365656851       -3.616759199378608        1.567247517322222
        2.298977971735393       -3.741919915228444        0.929882730302122
        1.909313883813536       -3.546558134484677        3.021900119006180
        2.604337835577433       -2.713319680908297        3.136731515574366
        1.070318454601223       -3.412642241269038        3.703912520689165
        2.430581187526768       -4.471120788353568        3.273966596584385
        0.535379502490997       -4.866469678021601        1.335626429843254
        1.048493992246336       -5.890660576303463        0.904039319703160
       -0.786763498123028       -4.875945616211861        1.564661240444770
       -1.221124836988388       -5.757069018284588        1.331636422813486
       -1.642716911944518       -3.856579244796013        2.174438854504850
       -1.954417466618876       -3.128734231314679        1.423533807236755
       -2.536467287984216       -4.332982029650698        2.582099977903109
       -1.124486106359163       -3.352683199139301        2.991796045757420
        2.046796672762079       -1.406976848590621       -0.364214891940925
        0.959108858326161       -1.378452154283353       -0.373831000418426
        0.559972805312303       -2.368353136139982       -0.584436597451481
        0.626850970748778       -0.686008953416917       -1.146356076387371
        0.452979554126203       -0.889277324932499        0.968812569861551
       -0.210631743498214        0.131580504383115        1.032501947711126
        0.715496924355233       -1.581675593003439        2.075635095954733
        0.384926137574504       -1.164623238537097        2.931399376203358
        1.442048528335300       -2.853949076843211        2.174410721223580
        2.300622573092774       -2.828210210494151        1.502341041464983
        1.981531781172853       -2.973508033305081        3.605657737859293
        2.614773103614152       -2.116441624352273        3.838963164326767
        1.155588643816497       -3.020305937806803        4.316742111017513
        2.576764866304970       -3.883747704339307        3.695511972575825
        0.602984745557759       -4.091960464610689        1.782008012881910
        1.160924181114497       -5.170630321417976        1.605517750681193
       -0.720558343704921       -3.942391199271808        1.627664508970120
       -1.107498486827516       -3.023686541664657        1.782566617378457
       -1.631149158623681       -5.020611064744791        1.247235530843465
       -2.652601332377680       -4.644938145478283        1.172234755851516
       -1.328617451210724       -5.436204141565526        0.283864336606197
       -1.593313829971335       -5.815628789584625        1.994771314786653
        1.580856983917503        0.665246909801469        0.327876439932630
        1.641955768564568       -0.404170198855932        0.525118094447738
        2.440539832473585       -0.594100957860311        1.238745834107647
        1.836053333973364       -0.931508676295447       -0.406648774619250
        0.320123232151951       -0.869928830851994        1.101963577449653
       -0.604966790069369       -0.081752736440057        1.212746770488103
        0.162325220651695       -2.133389439051264        1.488499779117753
       -0.751890507939291       -2.348622392476784        1.847624781965077
        1.141511957173281       -3.225578587983990        1.442182833689885
        1.904185435355156       -2.995053309027330        0.698110417764560
        1.835608927483960       -3.311831233409752        2.809483946882379
        2.308902133111711       -2.359419580788692        3.050297309965547
        1.113387364261528       -3.558918455984417        3.587764991324868
        2.603071510586648       -4.086737250671069        2.778957291838134
        0.556228363556972       -4.599490982505634        1.028699808491770
        1.236849315775301       -5.343358468396928        0.334151169928696
       -0.673306494038055       -5.008088633966643        1.376509267811864
       -0.914896091987893       -5.911699345156157        0.996771751708925
       -1.655661531287160       -4.380049366608333        2.262362066387055
       -2.203218376198203       -3.602083656933595        1.726313450477696
       -2.371925117400794       -5.131369735638816        2.600251267225007
       -1.168734470116482       -3.954095070898356        3.141217923614236
        2.702092628154499       -1.090904818132292        0.348327699903859
        1.807852080345128       -0.606780430744469       -0.036008038579741
        1.327591833429046       -1.231782272321185       -0.785255523567994
        2.081702236933121        0.346605940748762       -0.486182432631421
        0.838081184091320       -0.344199084497893        1.100020131152052
        0.466683170557839        0.797493264401151        1.318345458805374
        0.395567181915392       -1.354640674759059        1.845831261336684
       -0.285499899069847       -1.108771361537427        2.551089644577860
        0.713690825210442       -2.780488475887394        1.726693456930211
        0.961531985008231       -3.016343425944328        0.692132954447787
        1.931297647993687       -3.091520478135150        2.610506071376266
        2.781195784822303       -2.476848879712452        2.313624536624337
        1.691447964677528       -2.883419547758350        3.654804885640798
        2.205245055608399       -4.142310672415563        2.512439509757545
       -0.493753510204663       -3.653991269492325        2.125242430023376
       -1.379645754673333       -3.204912280217486        2.849429859295038
       -0.514080832273836       -4.912199509091754        1.665559096216322
        0.252117523371968       -5.220236025516444        1.088598450498089
       -1.580278887005355       -5.868629032922712        1.959352190724237
       -2.535490467817358       -5.476327822913449        1.603816701345098
       -1.379771199401528       -6.823857821807391        1.472287782855503
       -1.650576551672944       -6.021935321342707        3.038343873268670
        0.397252179708395        0.194768954827601       -0.143951417695460
        0.955040905756831       -0.740684681927033       -0.175377917277726
        2.020286102525344       -0.524634225611673       -0.228611442414736
        0.645407016161028       -1.320101770335205       -1.042493464547475
        0.665268014831578       -1.521786889097316        1.085080451249426
       -0.091139356346089       -1.058888707772645        1.924713235050939
        1.266877007121598       -2.707514585907173        1.192359784100201
        1.878341701741009       -2.979589609563093        0.442554436361609
        1.177527786400246       -3.613793912545531        2.347905352226892
        1.521035889298856       -4.587430054011814        1.999797740802427
        2.193444683137444       -3.148551971519337        3.404561396524894
        3.182522524101958       -3.044556486587032        2.958124470918464
        1.879603128463503       -2.188557907987607        3.818209597014056
        2.245705896561634       -3.878857733743990        4.213122223084255
       -0.246148533547521       -3.881562985592247        2.922410275411190
       -0.424683723290626       -3.939542379663040        4.134763291001147
       -1.302775246227244       -4.091000022606923        2.125419053602253
       -2.171263420005902       -4.194771398742601        2.627783567964915
       -1.348480654332264       -4.211307004600402        0.668551278057316
       -2.240631117067613       -4.767751202254630        0.376676530628921
       -1.396259896377182       -3.218202940175067        0.218489776185017
       -0.469930888614967       -4.741682484583256        0.298911781751426
        1.558283081771001        1.232195350556508        1.162130105451488
        1.584987211562857        0.332719683759198        0.548328809252094
        2.586039895047443        0.193385331196897        0.146283191172782
        0.861928228911135        0.425106358194790       -0.259706801527354
        1.215721386382808       -0.853058423680299        1.409370804988642
        0.956037594068517       -0.683055876603243        2.592916288576599
        1.236241796606677       -2.044137723179929        0.803685529576813
        1.478957550532376       -2.046011990623850       -0.171098773137773
        0.717597289231299       -3.301883896836906        1.364943784349097
        0.872795037338554       -4.064035626214650        0.602324943929174
        1.589264341350909       -3.709163223137473        2.570054958430405
        2.644618585676383       -3.587742240523430        2.323358892282585
        1.352586918069106       -3.083916023482839        3.431963052741299
        1.421253535920953       -4.749644403476776        2.837078492006773
       -0.816700136058107       -3.276015090089247        1.627477179292569
       -1.479548179316919       -2.261001336239183        1.442520749237175
       -1.475916180982154       -4.387959273728119        1.975763468758380
       -2.463863747404160       -4.241516022200606        2.120611092572565
       -0.966849712131393       -5.750785149835411        2.128942439580858
       -1.785220327190312       -6.461632030865808        2.001851911235252
       -0.202369334722737       -5.967226639065259        1.381273966995076
       -0.548844834664082       -5.880621753924506        3.128925914235471
       -0.456118659735046       -1.117046073902047        0.368944291521701
        0.519335687061262       -0.732343557487074        0.077764485407192
        1.000109167579855       -1.400329313241658       -0.632382002454836
        0.392077883978805        0.248230772814245       -0.378913393565172
        1.387589785380571       -0.580681929048637        1.311857358991999
        1.800342352428684        0.524124205693655        1.626868460449337
        1.713260099231203       -1.651102190113508        2.033800865541791
        2.239484736350344       -1.455025693835756        2.869393021753070
        1.337503409275452       -3.045398403729310        1.780104148548381
        1.492343836132070       -3.256393143213270        0.721822135857390
        2.292146554365292       -3.947676055793638        2.573713372539278
        3.325037029318445       -3.729821966726765        2.298024950487181
        2.161323855793742       -3.774948240536688        3.643457019364331
        2.083471829198747       -4.995552533959271        2.356082557630630
       -0.141199927815247       -3.353357159478011        2.105218942911359
       -0.788788993998586       -2.635489233592540        2.862347246524144
       -0.671303406267858       -4.440737353396917        1.529456494667299
       -0.082197872832540       -4.996100150672060        0.929910702589425
       -2.052160456556380       -4.877312915024859        1.730907911885518
       -2.738134337487907       -4.088923929716086        1.413816183663561
       -2.253193939040019       -5.782376668963815        1.156158472580490
       -2.223928632360855       -5.077738466075973        2.790646773105910
        0.655307040026984        0.808723273076709        0.723479291201013
        1.554646819270875        0.286625095060613        0.402734742247810
        2.371695428967447        0.495577065149008        1.090407533991487
        1.828451965191792        0.611322840107923       -0.600227872755237
        1.288707587419807       -1.200398170726528        0.380167992854555
        1.399994114390783       -1.828525555371092       -0.664392594018834
        0.933443725108034       -1.757718220542300        1.535100080462526
        0.827956067510966       -1.167580627290579        2.346346116183770
        0.604781166684857       -3.172535963844094        1.710792126689783
        0.238628870998918       -3.567708048465061        0.762673756909700
        1.887155955436411       -3.925708732368563        2.094646627534756
        2.634898741407833       -3.802225121758947        1.309742868411524
        2.282225292270061       -3.533039517520387        3.032729180654791
        1.676470308255030       -4.987931057938412        2.214659639430018
       -0.499583577351302       -3.348321572386186        2.776515546567341
       -0.624180406142636       -2.524879073840744        3.679004939159353
       -1.317229109227745       -4.405927010246351        2.735780330714205
       -1.997612130265585       -4.441448608310515        3.480100735791348
       -1.343385481507437       -5.469946971007738        1.731311450896160
       -1.550768547955353       -5.051743069032303        0.744067038708233
       -0.386747787833813       -5.994516671875021        1.707045434667345
       -2.127856042655963       -6.188094280869397        1.976315033698340
       -0.542176685370034       -0.919659556089355        0.762107312676922
        0.350037367894281       -0.808235099032332        0.149542830543843
        0.304443424907147        0.145105327927942       -0.375308198513182
        0.421541508467278       -1.614840839865159       -0.575861576827936
        1.576848808263375       -0.809704056321669        1.041283453224187
        2.306786323230214        0.168322574227276        1.063650491885876
        1.860696276228416       -1.879865398508979        1.780632015447038
        2.655020522536961       -1.778335074041097        2.390985211451778
        1.107936708911376       -3.135540630544652        1.852144608618845
        0.843647503475661       -3.431312605889332        0.837933535469590
        2.038756614669547       -4.214946760102049        2.421153760413156
        2.929322505659333       -4.304477131354365        1.797532246431208
        2.335672244059601       -3.949326913574946        3.437254254035167
        1.525879159642126       -5.176413066109447        2.444255349764426
       -0.194412487025603       -3.009245316280692        2.680458501016198
       -0.270099214126971       -2.223801934603394        3.617567363403811
       -1.250999086245125       -3.776842951147994        2.392508427309993
       -2.046772454393326       -3.634210868436094        2.997230114269726
       -1.374760628012971       -4.762798025542105        1.318414437264438
       -1.293906062087268       -4.273531934613257        0.345838413364339
       -0.597974060854372       -5.524092402555536        1.408716110706109
       -2.348488289829655       -5.252247337542790        1.380961338044440
       -0.346230859563498       -1.359823484374481        1.899690276436507
        0.374085998956547       -0.755162930176195        1.356689681834669
        1.124472696403717       -0.364297406584103        2.039524455381415
       -0.146673924966721        0.081305848373364        0.892519149181870
        1.059737127700703       -1.561010448890890        0.269401114995883
        1.080398086334297       -1.126767367108430       -0.869971815300415
        1.642930597352021       -2.733131019749978        0.527514354885766
        2.130630801577021       -3.122685643222328       -0.263835497726416
        1.604694378865249       -3.556504493167674        1.747669558138498
        2.084941992629354       -4.496130146378171        1.473058069452295
        2.497020522087738       -2.948007573087945        2.842576850109867
        3.467834037072315       -2.673896765596567        2.428139955565099
        2.023847056314616       -2.069215651096235        3.277890837345717
        2.648456252999273       -3.681832208602275        3.635573893767492
        0.192833129848796       -3.984209262804794        2.219025390127892
       -0.008539555970601       -4.277977482447067        3.393870329695294
       -0.789079698240678       -4.008905452117938        1.306113605091880
       -0.556624034484425       -3.743268370834628        0.360917856818842
       -2.173697528496876       -4.375509693284600        1.598014643307843
       -2.784642838298239       -4.295285795877317        0.697750995952641
       -2.212887318706197       -5.401216706371399        1.970381549131046
       -2.576506919414410       -3.712467946600419        2.366484745806330
       -0.201269141378922       -0.905157968744806        1.259117528930778
        0.743405507932549       -0.400740394943150        1.081953160669457
        1.267265639479656       -0.228015855767923        2.017730436862388
        0.540355988708539        0.557745604498263        0.606907440547613
        1.624057017315965       -1.216824682679526        0.153795917975643
        2.132751469421085       -0.668000288101887       -0.811551316639063
        1.907927985403642       -2.499089550833578        0.393736338035336
        2.516190079690374       -2.897331385232397       -0.302590296371878
        1.364952272166521       -3.432359644056509        1.394619115902970
        1.816942845985738       -4.397979674104326        1.166441581650223
        1.875729628773484       -3.056442088359834        2.797686860104495
        2.940985685536097       -2.823786660660205        2.756718060399345
        1.332714301781967       -2.194688566073191        3.183589484930389
        1.732180667304865       -3.891835093966637        3.483038516375336
       -0.161146296765430       -3.685738385002701        1.313190505274298
       -0.850671830322326       -3.173369139616241        0.435930529033130
       -0.685993821210426       -4.522282965560057        2.219001152413110
       -0.069498904781450       -4.916720139983035        2.911215815364022
       -2.101142886322365       -4.886833954310108        2.271411218339792
       -2.396339671628078       -5.353790978650380        1.329317882599077
       -2.284963451274885       -5.582537883153753        3.091207017826933
       -2.707433085816336       -3.990220304698203        2.416533049776110
        0.308855742559530        0.022816319176729       -0.421877345888548
        0.701085152887752       -0.895719374754370        0.012445787056678
        1.786698692844302       -0.890377021924903       -0.058688436205140
        0.295387251449687       -1.748887061898423       -0.527017730625594
        0.284981552114382       -0.962895312719855        1.468620997314150
       -0.426402206797694       -0.089659135398519        1.937787231113357
        0.685439447338717       -1.976160562521333        2.233351404159216
        0.387250821129153       -1.931771717315482        3.193647789193196
        1.486996120577031       -3.132368164138195        1.821281283588663
        2.351983363313879       -2.767752130414497        1.265344546272648
        2.022709006051972       -3.813064900999039        3.087906655870075
        2.596174730828421       -3.098546013468945        3.680063332577774
        1.199829845837396       -4.202636709133500        3.687768639698634
        2.677417715965646       -4.639221610526928        2.806133848115689
        0.768060277401728       -4.148704804075422        0.896130893592108
        1.410974632197325       -4.687258325893137        0.004192316673099
       -0.535337293306094       -4.444025710265162        1.004834782181422
       -0.860043803336097       -5.100076544310396        0.310165451341117
       -1.509398266798339       -3.997562431290925        2.002344607750030
       -1.823342366917670       -2.973194609434778        1.790565909718909
       -2.389613169741378       -4.641854457857374        1.969029452085037
       -1.082707245599650       -4.047079720835559        3.004968584417481
        1.281248252165094        0.529424773699872       -0.068125633978519
        1.064911479409586       -0.479154125836048        0.281871711581894
        1.823928269310437       -1.159829204584668       -0.095675335120101
        0.078817314606729       -0.776291012078352       -0.067355164938449
        1.084966454340862       -0.479900931410018        1.798277599087044
        1.261358939270640        0.569633406536311        2.395404890311155
        0.905947088583667       -1.617305508043324        2.466919836725689
        0.893738315006136       -1.532946237285451        3.473870763436066
        0.668789716705197       -2.960056066208609        1.929093474998966
        0.189603348001430       -2.881236491505157        0.954808010602337
        2.023732766214124       -3.665328835843697        1.761759692794177
        2.666260274667854       -3.094643769706843        1.091182655455468
        2.514660132522463       -3.754884662596690        2.732435840485866
        1.878721272159113       -4.662626956740977        1.347108017173523
       -0.265191422598846       -3.766073449712769        2.861768021160731
       -0.287156864890683       -3.537711053561867        4.066491255580194
       -1.041737295583396       -4.736226229012856        2.367295014769685
       -1.604742871110307       -5.212540575445798        3.056730244323393
       -1.171178896319623       -5.153318568715750        0.970685797366227
       -1.560625981210634       -4.331946638455053        0.366107769815839
       -0.204205676849043       -5.469624664525838        0.575984834802317
       -1.864844614400796       -5.993413198966435        0.902360703566484
        0.879650637198956       -0.011975216620540       -0.367682043590984
        1.008945466157569       -0.992967613840792        0.087932348316870
        2.071477751789422       -1.210216690620006        0.173826757735501
        0.517462187330373       -1.743120829828859       -0.526905394472024
        0.380577546206595       -0.974352737898406        1.467400791742430
       -0.231865189507572        0.013705692611119        1.837068241129106
        0.483911955347959       -2.034203452852179        2.266104294257827
        0.059618007071486       -1.924555305518101        3.174022247894626
        1.132927525493460       -3.319654028057295        1.982556031033329
        1.219336027092964       -3.459478526275728        0.905951560233397
        2.556533777100511       -3.277276324608270        2.561848965195693
        3.116039916908098       -2.448500417109119        2.127498558515728
        2.514867931285363       -3.152730892361091        3.645151296264890
        3.073290646595892       -4.210587870214939        2.334289497259603
        0.294046720407373       -4.513303314070875        2.507861131694682
        0.726215271895050       -5.255517829836077        3.381984065081285
       -0.937699459249775       -4.731499849232819        2.032224763565992
       -1.414601402246739       -5.514872859576561        2.453763704332544
       -1.639127885216614       -3.990776513646387        0.982219193627324
       -1.927849956232278       -3.002561457747642        1.346546625719464
       -1.003882135621182       -3.881155552447706        0.101805730947372
       -2.542875339806886       -4.530398410247731        0.693531633515278
        0.059339131502761        0.752107920368803        0.578882961213196
        0.949960828014730        0.124947078440479        0.568859290585037
        1.718619947583394        0.572976553604310        1.195183735585853
        1.310752935888738        0.023478113321095       -0.452945984916479
        0.592132710057406       -1.239652852038293        1.109614425327490
       -0.553242243013403       -1.469142619435687        1.469600574354325
        1.585021369651164       -2.126400723598396        1.171586460729116
        2.484612795136582       -1.828955205962356        0.835223360893897
        1.454713206442134       -3.534975367680983        1.560976285488326
        2.401442477374491       -3.995661294305578        1.276911506185427
        1.421180717609828       -3.668019664193943        3.092614768324736
        2.342227809267732       -3.261715144748555        3.511495006342645
        0.583187888015163       -3.109512818775294        3.508672542614352
        1.346026893648330       -4.719082709059156        3.372114089877529
        0.425173365110091       -4.326161862170195        0.704942600543598
        0.751144253261944       -4.631725869201159       -0.437508757294173
       -0.782666901611187       -4.725326784823896        1.129377685963840
       -1.304217675557397       -5.217907456193342        0.421151767879142
       -1.471595447153657       -4.489893481293347        2.397638742781218
       -2.504618367959893       -4.831218137711020        2.318542607309340
       -0.985961623619599       -5.039575443054860        3.204357888542692
       -1.486234069649363       -3.424582231488642        2.631708441668845
        0.146094718924566       -0.727896949510215        1.754457717005364
        0.849526813974366       -0.827533014712467        0.931512429635401
        0.857886655006896        0.097780359051099        0.357506461739423
        1.848818201356088       -1.012647095230360        1.316234165735688
        0.412448752345048       -1.958748645521250        0.021008197282561
       -0.096942237211423       -1.692281382126681       -1.055422147927272
        0.562044508110365       -3.237740987272287        0.369581587547203
        0.258489285105766       -3.884816683111991       -0.339629513698623
        1.101590570045956       -3.821037325802636        1.607690461166868
        0.749817529306200       -4.852414131681490        1.631263402979247
        2.634148610239537       -3.907089895436614        1.505729762477568
        2.919077059941853       -4.426466642816510        0.590142429488863
        3.075799497452140       -2.911257727099632        1.504657127277287
        3.025937833216628       -4.459850002895607        2.360632682091333
        0.574624943344553       -3.197677671341714        2.928235017230525
        1.350535725658899       -2.741721954386256        3.759976658842344
       -0.740119993566309       -3.116385488618727        3.166955916982946
       -0.977207590642085       -2.673539081252839        4.042406916854299
       -1.838942018144208       -3.610583280998508        2.335708498165266
       -1.977801868131534       -2.959673555009920        1.469853423134509
       -1.635147181774837       -4.627116092913051        1.995083208744343
       -2.763679814558634       -3.617302751312512        2.915415597244778
        2.570171114916721       -0.457302607420221       -0.546826694316814
        1.784562533214173       -1.140814009732382       -0.230924851108562
        1.053507225662538       -1.238459360148666       -1.030991557562851
        1.300007592037437       -0.746805228110524        0.653638703890859
        2.400601873187107       -2.501337032388984        0.028819049701444
        3.390653447824027       -2.821629495668012       -0.610968189920172
        1.938879843705958       -3.354590138647301        0.947558582479653
        2.486969284857998       -4.198283862353510        0.977688035772684
        0.791398341937297       -3.311443326143162        1.871622029850564
        0.773450579099707       -4.307282594873397        2.311576908465222
        1.089813369095504       -2.360650996255924        3.044584690227128
        1.048822142576458       -1.321692355402461        2.724214403593611
        0.354951828013730       -2.501345352246687        3.835877642933220
        2.080917159284192       -2.570305970705182        3.449199050980521
       -0.617352255631538       -3.128238305844960        1.241625001258158
       -0.789801469962907       -2.496493347514968        0.208501593242652
       -1.692198889292811       -3.660659348596515        1.835197221340568
       -2.560209162486334       -3.475815513793055        1.354014067759699
       -1.748878668236511       -4.483587386661138        3.044437239349976
       -2.776617446149718       -4.809307610105173        3.215395933101911
       -1.421119020723666       -3.910185044916375        3.912610104761440
       -1.121529422929417       -5.369771112471349        2.932151034199174
        1.416644882295990       -0.744856773733740        2.417833403842020
        2.027644220390742       -0.560008499934285        1.540550460946559
        2.948671368569974       -1.134271236174916        1.592950074796445
        2.269954304232775        0.500718600296923        1.502298619561510
        1.281567631765255       -0.928131366031870        0.271695630096022
        1.268860571079125       -0.133513012560103       -0.656028864128592
        0.700349623723742       -2.118837012672378        0.106160036104329
        0.293115495941051       -2.218638724976150       -0.808941395095626
        0.401927435947210       -3.197086846691272        1.064424594639747
       -0.077931510922872       -3.968984110666621        0.464446798435271
        1.703626183689155       -3.830842992183808        1.586818421280006
        2.407335954531099       -3.971023410087831        0.765083484679314
        2.155928357079019       -3.197044338564937        2.348441380379952
        1.495654233022608       -4.802328128681371        2.031803200507138
       -0.629576179674195       -2.837334040929711        2.168926197813312
       -0.841180729985369       -1.676630825766463        2.495832566495537
       -1.327972682773166       -3.799721274854073        2.782861396455722
       -1.968232152920558       -3.456623874891568        3.483980812645150
       -1.297129768498373       -5.243338775513647        2.543062458471066
       -2.148265087407736       -5.712268062209960        3.040301582432909
       -1.362374081662182       -5.460609940794635        1.475709329915961
       -0.381618068423313       -5.674625352377612        2.950789809726247
