        1.1080208819        0.2907576113       -0.9335006751
        0.0696263142        1.2353531679       -0.0721494039
        1.0003266741        0.6887565842        0.3873518112
       -0.9048807340       -0.6510495854       -1.0528948809
        0.7715631760       -0.8999142007        0.6776579855
       -0.7565560260        0.2770365356        0.9471305577
       -0.8233680833       -1.2877313516        0.6672169540
       -0.4647322028        0.3467912386       -0.6208123484
       -0.8125340208       -1.4604716749       -0.0778419255
        1.9985954742        1.9108293167       -2.6871491728
        2.8350056672        1.0351682817        1.5386083174
       -2.5370830378       -0.6689056203       -0.1285657147
        2.5851681025        2.5097006049        2.3362657179
       -1.0448138013        1.1615744386       -2.8423058471
       -0.7774675471       -1.3501653171        2.8096295437
       -1.2870188261        0.7479192719       -1.9254215761
2.702 2.702 2.702
