        0.7196050086       -0.6862518930       -1.8616466800
       -0.0229107712       -0.6146190935       -0.0583643412
       -0.2445421213       -0.7525368968       -1.1992865894
       -0.7134882954        0.1862446905        0.4460297475
        0.1975075041       -0.2574308359        1.0341912323
       -0.4363973207        0.2835037370       -0.6869338965
        0.3796143456        0.4688994341        0.1330947052
       -0.7688239156        0.0711693797        1.6094476065
        0.6603514826       -0.0930195906       -0.8544674548
        0.2878975052        0.2746694550        2.0727211854
       -0.0666155060        0.8796502405        1.1340982261
        0.0078020842        0.2397213729       -1.7688837412
        2.8629053516       -0.7165673733        0.2464521861
        2.1614194130       -2.1478992839        0.3642842442
        2.8599000305       -1.5671211295       -0.0830900154
        0.1594506821        2.9960123993       -0.3148952567
       -2.9221337853        1.4539412765       -0.3231084654
        1.0093239806        2.7660045538       -0.2424590628
       -3.1427326396       -1.2636598563       -0.0384640777
       -2.7153575928        0.3410198430       -0.2339793993
       -3.3515990489       -0.2379988805       -0.1655642233
       -2.3769729154       -1.9240902735        0.7677300865
        2.2799568720        1.7985646904       -0.0473626484
       -1.4728577627        2.0521556950       -0.5918947175
