        0.0026730419        1.2690530416        1.2553780880
        0.6146625060        0.8144059188        0.3657381007
       -0.6795427139       -0.5261335602       -0.0640339240
       -0.1772984316       -1.0104858025       -1.8444471012
        1.1623029147        1.1314404809        1.3503317245
        0.2240400510       -0.7114165369       -0.7864629181
       -0.7636427210       -0.2314272609       -1.1948607372
        0.4161081367       -0.3387346288        0.3062691595
       -0.7467008762       -1.3604167439       -0.8821456676
        0.4594334064        0.1940715481        1.3474635940
       -0.4446653839        0.3880852300        0.6279790748
       -0.0673699302        0.3815583138       -0.4812093932
        0.7361934862       -1.9868066534        1.2679477727
       -2.6963024792       -0.7636039034        1.0918538231
        0.9033963922       -2.2772296311        1.4264456655
        0.7972559269       -2.7232854202        0.6295245329
       -0.5144315331       -2.3664842255        0.8631618029
       -3.1174184883        0.5107314392        0.2611163267
        1.5063488750       -1.9527398264        0.3659108106
        2.7571155337       -1.1880805429        0.2878468243
        2.1927020955       -1.5355521051        0.7418629989
       -1.8438607981        2.5582159341       -1.1117085185
        0.0559416021       -2.3050896274        1.6175176052
       -2.1189591344       -1.4136389333        1.4264795856
