       -9.7399153489     9800.6749551991     1      320.6559033484      640.5767950445      659.2652972834
       -6.1516683714     9796.4959650394     1      295.5351544005      769.5346137737      821.5260901737
       -5.3296938158     9800.6096228373     1      382.5502595134      437.3686090365      480.3765598621
       -9.3508284077     9801.1221602461     1      412.6959852644      446.9812957373      524.9867973549
       -7.8590763071     9797.7015734086     1      331.4767868350      686.7869965178      723.2469269845
       -4.8941121647     9798.1905570253     1      426.8613406095      452.6941643796      514.4317851276
       -8.0165139488     9801.5598252709     1      356.8428699459      535.7096090620      638.4105426442
       -4.8289773717     9795.8190951828     1      388.3476097013      600.2970578429      697.9412247604
       -8.3241035583     9801.7150254253     1      328.5271108160      491.1210101786      632.5991233067
       -3.4995072437     9792.6303032538     1      380.1320866863      632.8714658521      766.4195279712
      -12.9478115654     9809.3327569968     1      331.6022844596      478.7902423836      543.6544172094
       -5.4314898727     9799.0738052705     1      368.4439478845      511.9868563382      626.4077847584
       -5.7869085847     9802.2247917024     1      343.7494308928      566.3302189387      665.3821309523
       -9.7587382704     9805.9124529502     1      383.8699882701      460.8305950260      559.5564594881
        2.7253914974     9805.0058370255     1      361.2360315879      541.8068447744      633.6511773789
        1.2436346150     9801.3066549276     1      365.2985774870      521.5450342084      709.6677419430
       -0.2921258902     9795.5362012903     1      347.1511219519      619.4479685488      859.2725682091
        2.1817374276     9793.6635033563     1      339.0198325232      657.4351946601      759.2791896913
       -0.7899524890     9800.8748415289     1      385.1017383041      502.3049441981      681.7136514259
        0.5686216546     9788.5863806150     1      371.5148412989      782.9759701807      906.4524858010
       -1.8143524370     9793.2105503609     1      355.4771871112      784.7650974492      874.4060302765
       -3.3172511784     9797.4254532274     1      309.5094474032      660.4488259191      735.2437844733
       -5.6221945884     9797.6977540870     1      309.7205733717      722.0248211284      803.3955001294
       -3.0959297494     9793.6538849244     1      247.5865134884     1031.1363743170     1137.3153787913
       -1.7404801444     9791.7234196468     1      361.2714646086      757.2817208137      873.3312934456
       -4.2314908676     9803.9516568068     1      341.3374798020      525.4544367264      609.1384113101
       -4.8848779371     9795.6799847377     1      226.5436594968     1022.3378307158     1142.2497266224
       -5.7014557831     9800.7028761326     1      310.7800021233      632.1663684203      690.6865372563
        1.3112355701     9795.5190395568     1      358.3867929178      529.8919733648      644.6415793206
       -2.8734723104     9793.4960745350     1      367.0515279399      654.7858994522      763.1671709908
       -3.2679325050     9793.8416850253     1      383.7329003330      678.3091719665      751.8687652757
       -6.2596787301     9793.3905006387     1      312.9071116864      735.1846434566      795.5993889067
      -10.2303552061     9798.6044791300     1      390.2617627909      493.9575426558      668.3079317546
       -3.0274979937     9794.9599606605     1      366.4506930327      625.3935637019      675.1026899924
       -3.4444958672     9794.6487423984     1      329.0751059838      698.9811636731      741.1700021276
       -4.4170920970     9798.6011093256     1      328.4127489633      695.6744992240      706.7383563607
       -1.3140624764     9791.7737327092     1      446.1102598613      617.7480075396      719.1301708891
       -9.3757026579     9801.3827587071     1      347.9624748773      557.6459894327      616.6884692672
       -6.7831586252     9800.9563072377     1      328.4485903997      629.2130582372      664.6561861847
       -4.4770094891     9797.8601039586     1      336.3567418832      653.2731175484      681.9699798480
       -3.8405988547     9795.2736741801     1      276.7853491341      843.8432884793      899.3461951250
       -2.9005720885     9792.8429924944     1      262.5978596756      916.0622707993      988.5016103832
       -0.9261512364     9789.3425463685     1      289.1807226205      887.1877499805      970.4592685592
        1.8371648199     9788.4640796953     1      303.3734473654      838.3340709108      964.2760286995
       -0.5133378837     9795.0428731317     1      289.8409724516      806.3074159900     1004.0828625668
       -7.1545535835     9797.5501077826     1      392.0707009872      498.7857934327      661.9534297204
       -0.8081214020     9796.7426127625     1      292.8073338354      786.5726039117      867.6537184543
       -9.2589061637     9800.8164797402     1      411.7731994748      439.8162224013      522.6505128424
       -7.9393159498     9796.9716029520     1      376.8562571152      543.5727861630      590.2477731243
       -2.4685106204     9792.2482803830     1      265.5008072775     1023.3482886904     1109.8612789279
       -5.5146207158     9801.5500687591     1      374.1385875705      514.5491883795      686.6505895939
       -4.3256051110     9798.6052566471     1      336.7607551630      618.2649451720      710.2347878503
       -5.4868327094     9796.5226925651     1      383.5204033319      565.1912793424      712.0994528391
       -1.7964665806     9792.8617316387     1      362.1122606486      691.7686923948      957.2139147712
        2.8251996280     9789.0768578430     1      340.8436795422     1044.4798151583     1245.0925830682
       -7.2124247306     9801.5183401983     1      349.6632364116      563.5274321905      672.1546788002
       -1.7306565865     9792.0256799057     1      287.8306208956      919.0766536235     1079.4753159503
       -6.1478572635     9798.2743494375     1      357.3694691556      567.4343737868      680.1286747076
       -2.9828886402     9798.2119692233     1      341.1515792545      610.9209537254      799.2738646544
       -2.2609417804     9797.9055200760     1      401.5906663753      537.0064670223      820.8375182141
       -1.4048469817     9786.5781356330     1      334.6411892156      898.1163683405     1034.6912967853
       -5.8719122701     9794.8947182920     1      370.6202095938      581.6698739999      687.7557487514
       -1.0559440935     9795.9233955479     1      368.1393657576      575.2878070136      732.3924387390
       -2.7468119135     9791.4029460830     1      335.9382719890      827.5029573248      933.8678156290
       -4.3092597906     9792.9291911882     1      263.9872069557      870.3184364547      932.9465883458
       -4.7317023005     9800.5966297705     1      386.3761659808      486.0580135802      675.2248372186
       -3.1766669266     9797.1617229483     1      413.0030320911      474.3907211695      744.1862958179
       -0.8725026112     9793.1782106690     1      311.0690713338      877.7593288808      986.1173297337
        0.0468660425     9789.9650803791     1      280.8669756455     1056.0409915473     1124.9216307951
       -1.1623116393     9789.6297907615     1      254.4888079373     1104.4795927382     1181.6523678700
       -1.0289776514     9788.5596162193     1      210.7626061234     1353.0672425234     1392.6198659418
       -2.0383918647     9792.0126292062     1      239.1584423470     1171.1027667623     1243.0001118313
       -1.0212936384     9792.7579075578     1      259.2735553340     1132.7286506100     1171.2905472985
       -3.5812971507     9796.0376591601     1      248.0464289622      980.3040824846     1053.2031170754
       -7.8009274781     9800.3454904175     1      345.2627657985      562.4220379660      643.3576875515
       -8.5983980398     9799.7642977223     1      402.1805847112      479.7682223042      505.9582683532
       -0.7157346446     9789.6778957296     1      233.4197223104     1116.3021943904     1217.8473417393
       -0.6375826950     9788.6232294131     1      234.2675390281     1233.0691736706     1351.4630898641
       -1.7982601975     9789.8147889178     1      299.1390586074      959.7587934543     1024.7146300413
        0.5984716338     9785.9018325055     1      248.9199936619     1178.1263831007     1211.9110417557
       -7.8889467693     9801.0782471550     1      384.3420167133      461.2182858482      550.8241894277
      -11.2135792277     9806.1690533808     1      384.7764730127      459.4087479327      559.1189787992
       -4.7465014280     9802.6868954105     1      410.6762654110      429.0580686775      563.6047395572
       -7.0410360139     9803.7030970901     1      358.9674389367      443.6815893005      598.1688276587
      -10.9978653769     9807.4024423649     1      414.8751287633      432.8777678843      568.8972827198
       -4.6982275077     9795.3652205974     1      329.9825560824      678.3280900382      768.9558087475
       -4.3684652203     9794.2764380761     1      272.8022454683      771.6251918460      839.6833919348
       -5.2484063744     9798.5198071628     1      377.2347621543      515.1921246374      643.0979098229
       -6.5768418276     9802.2648331601     1      397.6574228617      484.8623610022      627.2348917253
       -4.5977068413     9797.1393669688     1      281.6383148525      758.2084472570      836.8316360440
      -10.0782659233     9805.4912651899     1      390.4896785812      447.5941779965      532.9944458768
       -5.0393466411     9794.6910215613     1      345.6879831724      606.1841922407      703.6190948069
       -9.9524435290     9809.1187464787     1      380.3292070055      467.9108660723      568.6474897745
        1.9475412382     9793.0495274583     1      316.4649477326      665.0390606070      696.0352665880
        8.9224864298     9799.0395405371     1      258.5199617274      740.8750984778      801.0889932400
       -1.0656032050     9800.8015692327     1      369.2683576747      501.3927367538      650.5802752168
       -1.5533484692     9802.9776288306     1      347.1855255354      504.4702763180      696.5601990225
       -4.0552995377     9803.8063904742     1      381.0309942410      476.6143017950      599.5246759819
       -9.7959188225     9806.2632165583     1      358.1948838079      505.6667808856      562.9465094440
        0.2621049106     9793.7770931285     1      293.2746278573      693.2552808356      841.5253185935
       -1.2358296351     9797.7695905470     1      322.4144197580      615.3070551091      753.3991311518
       -1.1906281583     9797.7364241900     1      347.5504842792      538.3418181646      730.1510637829
        0.5041758477     9796.8403451597     1      333.1957664500      615.7280676590      625.8167834836
        0.8741270494     9795.0233241612     1      286.5798532362      747.1941916048      934.6090089774
        0.2883086988     9794.8372979472     1      284.7840964821      727.3956572361      905.0621072147
        1.7054172364     9797.1045046497     1      307.1951279246      652.6471555632      818.6608321425
       -8.0383006615     9803.4393922551     1      363.3570468246      489.2561253897      594.8658470309
       -8.6766180275     9805.0513150014     1      390.4643080209      474.4117914738      498.7119389884
       -8.6203658047     9809.0329913068     1      367.6071587573      478.1431053105      514.8016235148
       -4.6456674817     9796.4698260743     1      317.8648366567      633.6775072581      775.5394381007
       -0.7381808625     9790.8634796538     1      300.6732336319      917.3903228505     1022.2290085123
       -8.5157913311     9809.8148349377     1      343.4839558888      489.2460549697      560.5760615536
       -7.9945993052     9804.4822288232     1      403.6950271224      455.4224418593      514.7883049621
       -5.4788319033     9807.7586845025     1      351.9368345482      472.3848244725      568.6619119418
       -8.4505200951     9806.7324313501     1      371.9606818212      471.0891721342      515.8391246718
       -3.9780270137     9799.8416753349     1      364.7756309566      583.2403114340      768.9040950942
        2.2583196093     9796.7433642531     1      385.3673491807      570.8940358666      781.4116321203
       -8.3934524218     9804.2205519610     1      346.6993442865      509.6585409142      649.1070638127
       -5.0806734839     9794.3881394741     1      278.5191235762      841.2091318486      966.3333053210
       -4.3557295790     9797.8340119534     1      294.0157007117      689.8633910091      834.9807089571
       -8.0968256861     9804.6133420105     1      395.0935098558      479.0052038696      564.2990453210
       -8.3473210346     9804.1069052271     1      400.5173987283      444.5663866375      509.5269831275
       -8.6586252984     9803.8299859075     1      318.9556805614      509.7368512137      633.4501787120
       -0.4868487039     9786.2103097035     1      360.0540303242      789.7672191444      942.9812676777
       -5.2962413942     9797.6371692755     1      351.2221820243      582.4145287217      645.9618218896
       -1.8617199370     9795.2927396459     1      293.1210431167      811.5916789359      985.3087431636
       -1.8865872302     9803.3746063019     1      377.6637024082      509.8773960031      521.2698826320
       -5.6034867377     9800.3954778748     1      315.2945464130      629.0227150111      685.5017785978
       10.0013409486     9797.5021233939     1      289.1672816361      782.7751172957      854.8380951408
        6.5896798997     9803.5394155981     1      399.8626313360      429.3606742981      556.7806417889
        4.4423556596     9798.3196189906     1      384.8589393931      597.0540712301      857.3637332715
       -2.7151389841     9796.0431325938     1      445.5221385995      485.6857967668      757.2392683369
        5.3732812984     9797.8298603619     1      397.3650684787      554.0262372012      765.1008754688
       -2.3963266152     9796.1848636031     1      352.6429380697      636.3911670362      655.7674882952
       -4.3187807952     9806.4754285399     1      354.0881538299      496.2352373070      618.0586676527
        4.1777414957     9792.6942255077     1      381.7796046741      563.7327832133      707.2569327739
        3.9500776104     9793.7124175002     1      262.9415807375     1077.9802609814     1170.9029731812
        4.4263085467     9791.8896052304     1      257.7327472195     1072.0358460921     1103.7951942020
        3.6161774028     9794.3207155209     1      336.4530850547      694.2746973196      778.5593470812
       -1.3169464616     9802.7431460722     1      360.0379527180      486.9430568532      569.5272761857
       -6.4353734853     9803.1509984893     1      364.5834657926      530.9896310105      607.0649987474
       -6.9000919579     9803.2557837483     1      333.2406896591      536.6984010046      673.4486844854
       -6.6813983337     9805.1706071888     1      317.9560363441      524.7963438944      654.7685125722
       -7.9686554024     9800.8371030701     1      441.3824599433      511.2224688472      529.9949561274
       -6.1121651404     9801.8040569138     1      386.1738019956      515.6471390865      539.3962264665
       -4.0538931102     9801.2433754422     1      399.9176760945      467.0853053356      592.0286957695
       -7.5337684821     9807.1189043984     1      363.4047397884      473.5631463579      562.9595160317
       -7.4180901355     9799.6701832603     1      422.7668446335      462.8557159215      673.8449208876
        9.0938403860     9799.6277650080     1      353.0494348794      525.8806382039      648.9378506648
       -5.2717850108     9800.7936913146     1      311.6499907800      637.2188725861      708.1579811551
       -7.1293977591     9805.8462202781     1      370.0869027803      467.4129319821      579.7924123129
       -7.0968664735     9805.5627592719     1      366.6941787497      467.9917236523      577.3209304379
        0.2466304248     9799.9385956354     1      354.6204419074      488.9301148608      673.1370386944
       -7.0736881674     9808.8404982862     1      338.8717781942      492.9409127581      559.1985748448
       -6.1690983557     9806.9472143705     1      371.7027454008      431.4331850020      517.9428471755
       -6.9352985320     9800.6220332422     1      388.8033430307      495.6299203672      588.7883439361
       -6.3722688956     9797.2650120042     1      397.2070795380      513.6736777375      760.2379735216
       -6.8715943273     9799.3745159515     1      412.2573059452      466.0771093034      529.8283796676
       -6.6308833252     9804.6305334200     1      399.0612990060      443.7879693840      547.6772429116
       -6.3900083071     9800.8402610505     1      398.9268683973      462.4156503565      641.7512217758
       -6.4026398729     9804.1945419551     1      379.4067370880      477.0255602604      613.8601786927
       -3.3046628674     9795.7993622889     1      410.6251207408      474.4714846022      610.4479457551
       -2.3683884003     9803.0289943693     1      381.8413737219      413.3963682642      576.4242862410
       -3.7143687072     9797.0278252027     1      394.0412265412      481.8451556456      573.8239528336
       -2.9209755972     9796.9627574545     1      282.4509753090      897.8289578514      932.4053646676
       -6.1979937315     9802.7581710019     1      355.1565418008      573.3968334094      653.9722906160
       -6.3673038240     9801.4901021208     1      369.8038199393      539.4962053014      665.9049535687
       -5.0227721675     9800.2443619137     1      309.5800885656      633.3908289415      711.2746036494
       -5.3903292582     9804.2429552379     1      368.6752896226      489.4355531993      582.7504161954
       -3.9709660344     9805.2487608351     1      352.3643928367      463.7689767116      480.4749830336
       -2.5216425115     9790.0543482753     1      289.1067538793      977.3696480936     1134.8783397155
       -4.1003605937     9794.4497063816     1      379.3433979707      680.2019099177      760.3002260493
       -2.7713017333     9793.3945743580     1      297.3037445883      796.0433925106      844.9232198179
       -2.0060995924     9791.9509183509     1      327.3551386209      847.4179946661      931.7803366693
       -6.0497677700     9802.7220677102     1      362.2741571419      508.2592633121      534.6051190793
       -5.9237849374     9802.2464811141     1      335.4204102970      525.5348775146      672.1939374626
       -0.8819311233     9798.3928959745     1      348.3055178969      582.3232474108      760.5233727612
       -6.7789538127     9804.1675508392     1      369.0790661049      472.0038805388      630.5033608753
       -5.8833930999     9802.6301663905     1      385.9318384624      480.8440925072      653.5527758532
       -5.7902248849     9805.6039001190     1      353.4303606460      542.1400819562      567.9350075732
       -5.7634934273     9800.8221878153     1      393.2138385688      477.4963135119      628.3351562652
       -3.1575820396     9796.6168604582     1      274.4726724622      885.7516629261      922.9038824228
       -1.9997409972     9797.1269799137     1      266.4403418375      931.4536724524      948.4921519299
       -5.4928218561     9804.1670072019     1      340.7992479958      562.8569211616      646.8293797384
       -1.7260640489     9799.7884553532     1      400.1067792361      488.3381176081      693.0535354729
       -2.9304534714     9800.7166854577     1      404.3404464688      504.4709624087      651.6073051003
       -5.3118752885     9805.9759866555     1      344.2761832834      529.4175428000      655.1543733925
       -0.8792476938     9794.6249911735     1      333.4155201586      723.7611096992      981.1133527395
       -5.2765064276     9799.1370091867     1      358.3461369398      541.9277971670      734.7330317033
       -2.2153537829     9791.0421517384     1      306.1627350587      893.0473750643      977.4058974236
       -3.8792777599     9800.0732738910     1      346.6747012487      557.7972574442      708.5698948579
       -5.1974897073     9802.3503675516     1      356.3130533641      532.5782260930      653.5056183960
       -3.7296115507     9796.1015348443     1      323.1393091995      715.2259762635      762.9863088584
       -5.1340957432     9803.1694348982     1      367.3091221376      613.5787730674      660.3259189660
       -3.6942252975     9797.4654026416     1      278.8875501786      691.6095936604      865.5074990280
       -5.8681191400     9803.2599644389     1      379.4551466331      482.1015791774      576.4404677032
       -1.5589701884     9798.1407788231     1      251.7319623339      841.5182741158      994.6064396979
       -5.0474573842     9802.3584820403     1      314.0493605305      558.5025994266      640.1078251491
       -4.9799648045     9802.3663835647     1      370.0658072877      508.4069997621      638.6573078856
       -4.1687649793     9803.6724493437     1      396.7915404432      454.7454230108      524.3491236976
       -4.9024388662     9802.5968407477     1      383.1526546516      519.8660671371      607.0231708789
       -4.6981509989     9800.5178814009     1      369.8115104507      543.0506293972      636.2835363189
        0.3319104226     9800.7415400292     1      366.5819385846      449.4707913150      629.0501661371
       -4.6643669533     9799.7087258168     1      383.0140559489      506.9415137174      550.2518047863
       -4.6082318579     9796.9583130074     1      375.7078614047      555.1169276887      651.7562597191
       -4.3003323462     9793.1974271089     1      291.7268623896      802.6997926088      865.9370546980
       -4.5392162527     9794.4435320833     1      292.5251284911      796.3203756940      887.7008148515
       -4.2723634956     9796.0193852883     1      315.8638615764      736.1234515967      757.2259959321
       -4.5095972241     9796.7783632102     1      392.6970574242      493.2233241687      673.2050989996
       -0.5765249882     9799.3882189450     1      336.8724648123      586.4246219131      716.5725866531
       -2.6885001462     9797.4467639116     1      363.0364150385      559.9068722343      736.4322716613
       -4.2254408840     9801.8226253054     1      341.8388750483      564.2614823471      697.4576172410
       -4.4191477469     9800.1054562243     1      379.6313451806      546.8873957769      662.6772259316
       -4.8238715525     9800.8510016346     1      344.5824963483      579.5720466034      731.6861599303
       -2.3279669559     9797.3137821291     1      252.6103546029      884.6090368503     1063.1711753662
        1.3037823591     9800.6296550658     1      345.9736948007      567.4163391609      608.6396853645
       -3.7300938623     9802.4033996254     1      367.4872747552      511.2292640661      681.3703692169
       -1.4972030745     9796.7936858789     1      288.7265740525      713.4491472490      893.9771953310
        0.6270184591     9786.9427637911     1      316.7490788863      808.1237361055      871.2861714691
       -1.3610049014     9797.9467104943     1      294.1181950044      756.5048633679      875.8469727643
       -2.4942688426     9800.1138912179     1      344.1771930154      614.8232747078      703.4954363928
       -3.0533892482     9795.7808278181     1      296.3001110267      823.4604641794      896.1660088612
       -4.3704743243     9794.1267514859     1      335.6575869144      647.3515727091      725.0784316111
        0.8532480837     9790.8724592961     1      365.4900472233      568.8030669264      737.1981121061
        1.0068734716     9797.9254621971     1      349.7744283197      536.1161702656      666.1514659468
       -1.6450554097     9793.4040764683     1      366.2112319208      591.8289641197      770.7533312904
       -1.2645477901     9790.6384082458     1      421.1576581145      704.3498709140      907.1401803181
       -4.1362992234     9800.6826736595     1      317.8386609097      652.1854141279      793.7790366185
       -4.0930479521     9804.6451138384     1      393.8630822302      454.3190131593      561.0375026833
       -4.1009391255     9806.4250085451     1      375.2755868881      454.1710316011      563.8148000926
       -4.0200722360     9796.5729877415     1      265.8851181397      949.5355836413     1010.2871735435
       -3.9175054790     9802.8932496525     1      407.7967587234      483.7143709388      617.5813382456
       -4.9664890490     9799.9071190765     1      360.8810809090      539.3065800036      744.0790981170
       -4.3671698213     9799.8324093568     1      355.5595349697      511.1701000930      651.4171179653
       -3.8860920719     9800.0067592556     1      344.7240763022      521.1552125662      668.7064740201
       -3.7782906046     9801.1768687579     1      382.0216144252      484.9481170080      630.0647228736
       -3.7498815800     9792.2827089710     1      321.1734114760      655.4278169960      786.7442378763
        1.0835451373     9794.7405954590     1      246.6228558657      963.0740105329     1026.4214869950
       -1.8778070468     9792.2996615699     1      275.7747669338      918.2571786902     1016.0297345206
        1.7455370115     9795.5228672447     1      226.8002966355     1042.8122313482     1094.6573763454
        1.5690111326     9795.7560465545     1      303.6801377133      765.7779542378      805.7599017771
       -2.8938995370     9800.5225487617     1      367.4451050726      526.9133213252      566.2248529759
       -0.3537729289     9793.2283837128     1      342.4784812421      642.0166368525      719.5410196712
       -0.5412279184     9797.4395866420     1      308.1347950502      715.7860789132      749.2474867118
       -1.4044998695     9801.1043992110     1      335.6395896816      639.1696935606      665.5547885535
       -3.6087890087     9800.8772488384     1      392.9784673993      511.2013814723      642.0465905865
       -0.8997806229     9795.0871443300     1      364.6740264224      659.1679736171      822.7524511489
        1.9409749158     9795.2351351275     1      412.9459912148      486.5803476982      604.2090891562
       -3.5475109387     9802.1005200823     1      343.2200058627      498.5254020741      642.4716353001
       -3.4742469699     9800.1493611081     1      380.7167135148      471.1156261497      630.2740447159
       -3.4079933140     9799.6584479539     1      417.3205513899      544.9156147345      832.0163460219
       -1.4227246062     9793.6638416880     1      337.3687315630      719.6408453680      789.2990609515
       -3.3221851955     9802.6581446259     1      369.7417182499      491.0386517092      660.9111765833
       -3.2796514063     9806.2514814409     1      331.7676493264      512.4013268310      652.3499664427
       -3.1776460419     9791.7786426511     1      304.7786692734      885.7911396454     1026.1346105264
       -3.9021081245     9799.6654368741     1      380.2421196318      520.0203572990      562.5905453773
       -0.2177845579     9794.6968249329     1      261.1208103720      866.7387636704     1037.1000926689
       -3.0818234714     9796.2341879854     1      365.3182528423      490.6236294824      614.0396707971
       -3.0006668783     9796.8025988442     1      256.2492306033      895.5198334306      898.5398522256
       -3.4569417689     9797.0118737639     1      365.4957536807      576.2672306948      646.2219011294
       -2.0696930920     9799.0610900914     1      305.9961947473      684.7178926558      862.3391107448
       -2.8823642772     9801.0893012649     1      365.3278687278      566.2774965692      724.9322069185
        0.4670605698     9792.2029576086     1      295.1759221378      760.6060183430      853.4230654328
       -2.3886385963     9801.5724690255     1      304.4462928808      631.1716467692      705.8273674140
        2.5762089438     9801.1797737944     1      298.2343918577      634.3467973382      800.2332847163
       -2.8416109198     9801.1972894623     1      314.3553616060      634.8748750389      743.6710437773
       -2.7930958326     9799.4608130318     1      321.7396924023      648.8095377343      709.5702898070
       -1.4295718427     9787.5288801578     1      277.3133541502      887.0368988336      962.6786129175
       -3.6838019967     9798.3853819654     1      337.1444628075      629.6709759265      852.2291166157
       -1.7163890358     9791.5801467520     1      304.3668851643      896.1067655180      960.5695387518
       -2.2619386433     9801.2157859910     1      388.2782867750      512.8235935069      592.7316915477
       -2.6314780230     9797.3444613378     1      273.8755059656      825.3208004868      901.9854273265
       -3.1671230854     9801.4126885352     1      378.5001399900      509.6422901536      748.6173086336
       -2.3946692864     9800.4080152431     1      376.7123619155      498.8868100443      736.7778300768
       -2.5349016640     9802.4880032258     1      336.7609410850      505.6018671419      669.8552951352
       -2.2003452365     9797.0240704241     1      378.6289113823      490.8944560742      706.1861614551
       -3.0105508359     9800.2556887553     1      370.7217021490      502.7552099527      714.5251355208
       -2.6825062373     9798.0008122336     1      390.1723900434      509.7279603950      697.9627207224
       -2.4788313903     9796.4325829565     1      398.7759567977      563.8388399740      757.5321946609
       -2.3978884629     9803.6189539926     1      337.1607044758      475.5771305414      619.2268741161
       -3.4339188321     9802.3953909001     1      389.9894906890      437.3662548738      542.4849615131
       -2.3716592872     9802.9192986494     1      386.4276321520      408.2369735113      580.5099532330
       -5.7822136572     9799.6473840705     1      324.3629045183      589.5807003251      705.7430433467
       -1.7284612652     9806.0213907273     1      389.5546027453      468.2883536698      613.2549208250
       -4.6596181245     9803.8458743970     1      384.6891783526      448.3544214378      566.7071754595
       -4.3389747815     9801.3530075904     1      391.5239008289      485.0571843064      618.4073667996
       -4.6847342902     9804.2680397907     1      381.7955222990      453.0263525789      568.1628273746
       -2.3229317537     9798.9783440800     1      374.8005596161      469.7789811297      628.9737431419
       -2.2993946664     9799.1899015879     1      369.9448743670      530.3280825995      710.1622157192
       -2.2733916296     9796.5605848720     1      323.8862307688      666.1249285274      798.5025540801
       -2.2255183683     9797.0550824879     1      265.3422196603      804.8744734675      915.8362816125
       -1.8241515982     9798.8979616192     1      371.9381974159      524.7939882677      651.5739244995
       -1.9089938038     9800.1502703179     1      374.3891177304      499.6223492597      628.3716250328
       -4.1762473316     9805.1151467779     1      387.5156303787      448.8783472729      498.3577789163
       -1.4088286631     9798.5306752252     1      343.6127381109      570.0281944305      701.7448900477
       -2.1608765546     9805.6402765234     1      332.4605076318      558.1850007867      663.4436417658
       -1.4135597632     9811.0973087463     1      372.1403303084      466.4743934337      483.9827297201
       -4.5418163169     9805.1730202366     1      373.6799592900      470.7320907138      492.1254231692
        1.7707836659     9805.0834642416     1      354.1463844174      481.8038703215      575.9692717789
       -0.6970996864     9804.6276307276     1      354.7729889951      517.7100447502      534.7121117391
       -2.3125641500     9803.2871403087     1      361.9293920040      556.8608484689      683.3030584458
       -2.0521163328     9790.8260974374     1      320.9448100963      813.4940293613      896.4807174966
       -2.0705856757     9790.8593507625     1      324.1943391135      784.4167061906      911.3014550855
       -2.3963903980     9793.4125426224     1      311.9062231266      845.4635425365      963.1757245413
       -2.0280322770     9799.3828794243     1      377.5633671535      473.6774581073      673.9736032958
       -2.4776913338     9798.1469804566     1      317.2246870932      613.7441645185      762.2291662257
       -2.0192983219     9793.1296702955     1      343.6896068728      612.6092794156      767.4625713851
       -1.9762978641     9794.8326590511     1      320.0319078645      655.5820314820      787.6084288489
       -1.9364710516     9797.7710451512     1      393.1653529964      497.8336687196      714.3566365998
       -1.8867529979     9794.5426397213     1      383.7903136659      517.0218368592      676.4619549595
       -1.8330272405     9799.9724611982     1      364.3487199130      487.0652583376      672.8225207214
       -1.7921862926     9800.0242105918     1      287.2357627017      710.3476087290      918.4766595986
       -1.7397774349     9790.2416377196     1      260.7890206289     1098.5855757983     1135.2733494446
        1.5353246424     9797.9666047579     1      388.8871540802      489.8700869359      691.4809050505
       -1.6692250901     9799.4131747917     1      332.2932723471      597.5233331270      799.5611244876
       -7.2021830241     9804.5991405560     1      353.1308756770      572.6065792993      623.2666796898
       -1.5801128296     9798.9390607502     1      268.8646616949      857.3263457054      882.5371084085
       -3.8318501867     9802.0694763946     1      310.9133733614      703.3121550319      732.7622299111
       -1.7253980273     9797.4956343620     1      250.0769832154      955.9714633533     1027.5898796488
       -1.5363805278     9801.5923450144     1      376.0159519440      527.2490434235      596.2663369786
       -1.5098338231     9800.3820829569     1      356.1272183910      482.9944573050      645.3530798426
       -2.5127177303     9792.0765871958     1      233.2669912039     1089.2093837550     1214.7849465060
       -1.4513162308     9798.9007859561     1      377.4899482857      529.4846823453      693.3978790333
       -1.3069242499     9801.9290926922     1      412.1019521362      480.7262503537      542.4597427675
       -1.4295833830     9804.2025481487     1      370.0274649538      448.3701332321      557.2070970814
       -1.1884346077     9794.3849956300     1      326.0054491828      786.1937011186      903.0974357798
       -1.3256528157     9795.6141419202     1      316.4687463834      821.1465558790      944.8345776378
       -0.8114561638     9797.7032524588     1      339.3305667700      569.2357713019      767.5364039855
       -1.1340922978     9801.3242283919     1      343.7984348522      564.4608088346      792.8384083591
        0.6088608103     9802.0733262689     1      362.9498266835      516.8535602067      640.1531145337
       -1.1131502877     9802.0071904713     1      327.9869892242      560.9014789507      705.5147871245
       -0.9316720603     9797.0365994430     1      395.1492262072      491.0851029362      752.4773410378
       -0.9076120872     9788.1618809141     1      366.9296392721      731.9250798764      844.4516205789
       -0.8025037625     9791.7254448204     1      275.8572730572      873.9124721494      944.8027172350
       -0.7033177871     9794.8422394262     1      388.3686735957      603.5049364532      854.1683456514
        2.9497077688     9795.0192177458     1      266.3755347741      849.9664262916      892.9653492478
       -0.6889715060     9802.7662528843     1      330.4940338970      514.0217262933      597.1728383993
       -0.6416546782     9801.5363150517     1      328.1624146242      535.8241232485      644.6020917836
       -1.8787040045     9805.0698953559     1      376.6174650388      459.2372710103      567.8365664644
        2.9046158278     9797.7702981600     1      296.8908959847      675.2799475173      685.4818780681
        1.8850168803     9795.8274305271     1      246.0720910557      876.9341717814      982.0590903376
       -0.5989484064     9790.9287924997     1      353.4242883309      754.6166039360      951.5428171496
        0.5727765588     9795.1796240192     1      258.0412320641      984.9715328362     1113.8041012791
       -0.5379040949     9797.9464705144     1      204.3587325970     1038.8600925435     1116.1882463728
       -2.1681821153     9794.5588857574     1      296.4073504621      933.9982451900     1001.9162691213
       -0.4841454987     9803.3917340019     1      338.3842389990      499.9868603309      630.2035522397
       -3.7337002307     9792.6235274055     1      318.3715217494      665.3236713765      792.0887007927
       -2.3608025704     9796.0638667011     1      308.3414404000      671.2924693231      866.6616789842
       -0.3822480604     9801.0924928870     1      333.8439104936      546.2034832738      742.6748598201
       -0.2958703463     9792.2510636572     1      302.3066732274      895.6818532065      959.7066264018
       -0.3601199320     9792.6982759934     1      402.8821385077      626.4083982109      783.8351677169
       -0.3480492114     9799.4266890611     1      324.4667780086      584.3600665273      718.8091202777
       -0.2353729116     9802.7936729927     1      305.7766498126      546.8994687596      666.3565951270
        1.8156425749     9802.1030364144     1      333.4502527055      533.3288006000      639.2986405909
       -0.1284439018     9801.1503550882     1      378.2379108364      515.1553579538      665.3274525715
       -0.0740558384     9794.6605221897     1      267.0790471551      928.7837709749     1024.2167889279
       -0.3819341742     9795.9915307865     1      270.3942560440      922.1579167029     1068.5852248045
        0.0275710073     9802.2754131543     1      382.5054946166      460.9956424632      608.9789389984
       -1.4023889597     9803.2047002063     1      353.2093518508      485.5946294950      630.0475482412
       -1.0451704797     9796.9610009534     1      354.6566263493      531.4302553565      691.4168354002
        0.1191284202     9790.5148127777     1      399.8035682952      566.0932604471      796.2661034150
       -1.0389766784     9807.6822149701     1      322.2922702740      478.0338860815      573.1939753849
        0.1205495231     9801.2696960708     1      369.9742257681      460.3011006974      657.2096340202
        0.1925897421     9798.5038042551     1      361.4906978182      495.3762795399      713.1362214864
        0.2401859175     9795.0466724800     1      356.2755975659      738.7577076496      841.7237867677
        6.1915419623     9803.5335365567     1      296.3860589969      682.1005196469      788.5484917278
        5.9086724458     9802.2582547074     1      325.6141874480      634.4129411840      765.8177680068
        0.8508223721     9802.6581970808     1      406.2490671916      437.8914708887      603.0042141038
        0.9205644406     9800.6992990016     1      359.9148718066      475.9185108979      576.9916819363
        0.4418908053     9797.7463747833     1      351.1708350156      541.5482549845      773.4022269437
        0.3323951609     9795.8339114762     1      392.1822256611      470.6560112398      668.3693805212
        0.2893806573     9798.5476612022     1      366.1206854394      475.2066886406      690.6751661689
        2.6535125442     9793.4189456236     1      323.5437544362      860.7663928737      889.2460764109
        2.9060015906     9800.4383882945     1      425.9303130140      475.2277726671      567.6497276889
        0.3589043223     9794.8511579483     1      356.6122182534      609.2512276584      775.7358523700
        0.3852937641     9797.6162085785     1      340.8602302027      586.3355039203      727.5434193285
        3.9215017810     9800.8726850666     1      394.7319366358      447.9800992085      574.5118402663
       -1.9992882938     9802.2993584660     1      354.3183858185      477.8197295063      639.7115359100
        0.7897796388     9806.0475978935     1      381.1236659841      419.4652305893      545.8240470012
        0.9185590848     9799.3957585802     1      421.6822857568      476.0463137768      722.9307072748
        0.9461050443     9800.3735718636     1      393.6714372271      500.7456601794      643.2186794233
        0.9761959794     9801.7604983294     1      324.3399902694      543.8847358919      621.9564316181
        1.1023351078     9795.3672210496     1      276.7660981971      880.3175295452      952.1119758204
       -1.2643202062     9798.7273211374     1      352.0294383563      656.8805897164      736.0150267665
       -2.9890882123     9805.1277817604     1      344.5941941467      556.6293867210      703.5228901010
        1.1948778287     9801.4075550226     1      354.2829324188      523.5203595668      715.6481623239
        1.3890577388     9808.9099684104     1      372.9457360944      472.3428716110      657.0756919151
        1.5604359480     9803.8925315458     1      365.7753283732      479.3286441878      607.1822756826
        1.6868739564     9800.3563621627     1      340.2697761511      597.7185447916      698.8521302896
        1.8115778569     9797.8698370781     1      337.3717362554      582.0055082464      681.9883889944
        1.6742348641     9800.3502466863     1      339.9530011961      600.2154705867      707.7161641237
       -0.9807281721     9802.7207231932     1      340.2679516195      588.6303387165      787.7120699427
        1.8943592453     9804.7655998968     1      401.5330482174      458.8465238064      643.8351058408
        3.0784835479     9801.4372890734     1      384.7327565085      504.6896474192      672.9718440879
       -2.2098779317     9797.2583559141     1      389.3821016489      491.0874344100      707.9552083571
        2.0063108746     9794.6695333101     1      403.5659824589      490.6515133907      612.7526582933
       -1.4384636444     9794.3761448964     1      261.8935489698      923.0142782990      975.1431641146
        2.4029905569     9798.3049197962     1      427.6502694164      475.6195440901      660.4886242686
        2.0813716964     9796.0928922484     1      427.6344654148      540.3630639459      758.9343964970
        1.1178105329     9791.7329290073     1      339.7131653279      609.0707031373      804.2162176807
        2.1379780931     9793.4108253653     1      340.9860872853      555.6823228588      681.6105029946
       -2.2603233028     9799.9971798810     1      331.9347687411      678.6774663148      773.5238474884
        2.1584764974     9800.8431544730     1      321.6493537882      633.8501059173      784.7879065459
        2.4597404779     9804.0149631181     1      381.0274806979      472.4490459346      576.0429368019
        2.5299254537     9801.5651186493     1      354.9788050063      539.9485729811      710.0086500181
        2.5471106376     9801.3571523018     1      362.8337467196      529.6898681694      699.6001502915
        2.5678962179     9799.3538360838     1      403.4520625955      541.1932299661      639.1875436510
        2.6104149395     9801.4121624519     1      410.3195060452      498.5139249094      649.1583048266
        3.1043705978     9791.3410087621     1      293.6628892235      858.2080611431      964.7591931989
        8.7773242582     9789.8682253897     1      289.8636253242      817.6927759217      927.1004351683
        2.7877160652     9802.0128239654     1      360.5902404521      484.2450400795      620.5176626012
        1.6791994815     9798.4180810649     1      351.0335256264      677.3901822435      811.4244116334
        4.8193146549     9801.9868974049     1      375.5845041313      518.0150002566      700.3314655336
        5.5016534851     9793.0610372943     1      310.6700163254      821.5619803403      878.2165442831
        3.3554688670     9799.8926693824     1      380.5287174054      486.2698639579      658.3495841835
       -0.1018008444     9795.3938803152     1      316.5877425702      758.2608725288      791.7777172588
        1.0091839266     9794.3856629089     1      343.5374807085      764.4469201342      869.6366580660
        2.8211358908     9804.3816452650     1      384.5947251161      453.8867384435      660.4727152629
       -4.4513717708     9801.3323815484     1      400.7609009604      446.9824799458      533.0365762725
       -3.4995954799     9802.1505417643     1      397.8266816536      463.0363239492      532.3699556001
       -3.1973976195     9812.9948139745     1      310.2024045537      531.2070095591      588.8952336659
        2.9125191238     9804.0516556596     1      374.2270457820      468.7581699406      652.4014093298
        3.0353044967     9789.7987841832     1      334.9293946427      837.6593432673      928.0606132045
        0.0681614273     9796.4329418162     1      361.2157442444      551.2938743311      727.2346765062
        0.2109532991     9800.6680631000     1      343.8312882067      490.0822023951      614.1935171319
        3.0772666736     9789.3676517849     1      395.0493249557      656.5676296774      782.9609547601
        3.1483810400     9801.3799464675     1      411.3682541303      480.0964045607      573.5395801509
        4.4636848101     9793.7335269840     1      343.8678350130      651.4759961952      816.7388522746
        3.4913259529     9808.1586088556     1      395.6542351361      456.3331676186      587.5526759605
        2.1708558813     9800.5654910758     1      391.5720469618      430.4165936274      600.9955055804
        3.4002070024     9795.1077504562     1      410.9881012951      453.1840682687      684.5875925389
        3.4362286967     9806.6221626090     1      358.0317511581      452.0882942969      575.6675806164
        2.6739938326     9805.0526245604     1      352.3783177845      580.6543504520      653.0765019138
        2.3083372204     9802.2163836060     1      363.7091678164      527.2571497867      645.2201411725
        3.5929307133     9796.2220099400     1      398.6794022691      507.6142243465      753.7760610177
        6.3548664460     9795.8442768280     1      412.7297692889      547.2798697079      820.0853440713
        3.0463208726     9802.6150862680     1      406.2338191752      444.9567062109      626.3957419446
        3.9097686573     9805.3155543586     1      392.2734917247      439.3346015845      585.6100368261
        6.7307790007     9793.0683597910     1      313.8796184217      829.7881667805      932.3137988762
        6.6318560489     9791.2415896070     1      351.4860424028      750.4946905465      878.0230960863
        2.0869251119     9807.0224547537     1      415.5262822609      443.3019579127      601.5044100995
        1.4291043716     9802.1044280859     1      355.6860818106      467.5340091908      649.8564944477
        4.0316769797     9806.7781837253     1      396.5942192153      443.3135539972      556.1050802984
        1.6129023579     9801.1723136732     1      367.4065541678      473.2675588769      678.8152972159
        4.8984240959     9798.1868723068     1      396.1091217066      527.8672292599      714.7960733431
        8.7149096017     9798.3315082503     1      327.0908928338      606.6422847457      731.3648152174
        1.4829566132     9800.4953235872     1      369.4231944341      541.5632575744      736.9235675881
       -3.9760589571     9800.5666938389     1      353.1189732692      509.8178927404      621.4778160478
        2.0748846164     9794.5387679014     1      273.3217061062      772.1312938899      823.6765011681
        4.1005109336     9791.1457526584     1      353.2273599107      619.1567241078      745.7088473463
       -2.0914545040     9794.7064234878     1      306.9096894325      702.4382111901      860.5025943522
        4.1462727832     9802.6024049670     1      387.6509081149      480.9818306417      680.0918207128
        2.5874792129     9793.6111881931     1      287.5456369752      856.3034184521      931.6536067076
       -4.8208825620     9798.5218625840     1      371.6067973018      554.4954037204      740.9992121448
        4.2458087289     9804.6052651894     1      383.7088319746      472.1752762771      599.4154042108
        0.4033424033     9790.7042452244     1      331.2445048310      834.8282800306      979.5430522668
       -1.0878933336     9792.2989099381     1      251.1893384620     1063.4241037559     1122.5016613625
        4.3790455723     9803.9294110249     1      383.0117799689      486.3790052446      644.7344959741
        2.6839375601     9795.2003205385     1      350.7722456533      564.3485327997      762.8442467736
        4.4382772863     9795.0990737788     1      366.9627132956      521.6957885310      687.4852552439
       -2.4687847746     9801.3824873581     1      415.3875712464      438.9891757523      584.4776031763
        4.1351741803     9790.3338664827     1      276.7410189468      975.5708048346     1070.8152865887
       -0.7621643844     9793.8884896581     1      423.4596640222      481.6071935453      785.5860088612
        6.6801299553     9804.5325576280     1      368.3895363793      486.5054966931      698.6753098441
        6.1556095974     9799.1148442373     1      353.5820808704      486.8474088935      702.5775716886
        4.8742496576     9797.9178994932     1      401.6452683001      429.6178381570      662.9508625871
        5.4738788792     9800.7298318136     1      346.8456656285      553.2807266271      681.7752793752
        5.1779514729     9799.8944916187     1      386.4042364395      497.1133330323      563.9093233890
        3.5910826011     9806.1812015308     1      355.0886229223      443.0355944461      488.6212321853
        7.4861493810     9802.2585885657     1      335.7433513360      563.6871461811      612.0741661848
        4.6823471847     9798.3029807643     1      303.9738022511      651.3116026719      722.7620138603
        5.8196043289     9805.3044567695     1      412.4925241067      440.3553082331      606.8546595401
        3.2705436310     9792.0998966546     1      329.4593196409      691.1639565196      797.6066774266
        1.3118695926     9808.2262712546     1      363.6731758632      464.7192581843      516.1104723134
        5.4837445897     9800.5551525210     1      359.8147398687      503.5013048475      588.6388280444
        5.4636877935     9807.6423997547     1      378.2762816282      435.5858384760      488.6194848530
        1.2225082108     9804.8255292957     1      377.6958986240      469.9578401741      672.8320308636
        6.0811693540     9800.9096105475     1      356.0736724044      543.6927592244      683.8445910145
       -3.0622896643     9798.2476721900     1      337.2103257832      651.1602198441      790.6566485316
       -1.7637283677     9795.4863401910     1      261.5133414882      931.4389281112     1012.0285471140
        6.1486957580     9802.6369581884     1      382.7365609268      504.7487907079      639.8651869447
       -0.9219775674     9794.6995432322     1      400.1757588122      578.1473421015      813.8977915471
        6.6318717628     9800.6621009955     1      396.3009730951      500.8428658952      640.4661989077
        6.8038949550     9800.6521656407     1      414.7386954003      444.7335874666      611.4029916860
        6.8936889034     9797.1072602276     1      396.7468589518      498.7415156663      707.7073023251
       -1.3891330912     9799.7696011777     1      415.3764854712      457.5218058187      702.0964311120
       -1.0935734468     9795.1228456397     1      322.4418371900      811.0034794966      906.3314230350
        8.4760541951     9805.8920297400     1      375.3452582115      470.1267598839      650.0645946797
       18.3263133583     9804.8014269150     1      408.0157645932      452.2289642539      628.0925758024
        9.3733443157     9805.0982753840     1      402.0036674660      463.6666682135      593.6666872625
       76.7207524728     9797.4827452066     1      305.0948615354      692.6664581920      789.9543776889
       73.6963832918     9808.5464727668     1      382.7491939346      404.5515123480      509.0382740784
       74.1523031997     9800.8849568136     1      371.9756717873      517.7629014405      644.8451039487
       79.2169622410     9793.2043493267     1      280.6198575186      864.7257857864      938.1227994165
       74.6887016640     9805.4375830552     1      374.5807835793      424.4437397630      549.0107379932
       78.6979709240     9802.2189114085     1      361.0332034535      522.6459906251      722.3385155515
        3.4197064429     9795.2807562980     1      221.5217807109     1035.7259504330     1154.4142893066
        4.3614358061     9793.7128354832     1      367.6435428637      597.1836075501      681.8080961761
       -0.8903169656     9803.9114246121     1      331.5281764611      477.1923160880      575.4898299149
        3.2141485559     9796.8613212419     1      383.7936463246      557.8459069984      619.1605115574
       74.7326398680     9798.1765106531     1      349.0072976871      517.0424573657      638.5713457222
       75.0747222823     9798.9795444198     1      353.4195688506      535.4155869286      686.8394079666
       77.5607421919     9800.9110448343     1      355.3829224189      554.4965674845      631.6692236007
       -0.7832974889     9800.9674620740     1      292.3223432765      742.9611390963      845.3212893123
       77.6106005205     9807.2337548515     1      343.3862907945      531.1372412835      653.4315738570
       -1.4159647639     9801.4920988398     1      356.2251546285      503.3079530207      595.4327290166
       78.9993372516     9801.1206877785     1      279.3861765177      752.4692231938      844.3738298675
       79.3535002720     9799.0666564755     1      245.4138471646      895.3184502954     1016.9653151445
        5.2284864054     9796.5618567465     1      429.7679690707      513.2691139478      624.3279594461
        3.0093625911     9797.1251980497     1      385.4108825140      486.2895857552      675.9633129922
       -4.5062784382     9798.0538896051     1      390.9175765359      518.7269199018      748.7318231368
       79.4471128897     9799.0703886094     1      352.1107663914      538.0718362276      746.2572937407
       -2.6803975025     9798.0378946725     1      386.0292035745      518.8239600885      720.4736007568
       80.1664911246     9804.4346279261     1      340.2265441439      476.7605975071      568.8143290456
       78.2110704678     9798.3717468107     1      279.4378273232      828.9318328399      908.2216279348
       80.7246612596     9801.0861206631     1      389.7413308916      514.7928093859      667.7180815359
       82.5856094245     9796.5083685872     1      330.9688070522      589.9708641247      823.8793447652
       81.7334193153     9799.4810302947     1      382.9435881715      441.1360552404      658.5735763641
       84.4043725381     9810.3689250866     1      362.8399478367      456.3926932304      590.8413256797
       82.4245836625     9801.3883371552     1      318.6097090417      609.2351456869      775.7600145500
       84.1146611443     9799.2823476981     1      385.5889316177      456.3131229274      595.2507976633
        1.2538104411     9801.1876721031     1      351.2543614085      571.0172054263      749.8022069353
      113.9514430807     9806.2053707460     1      329.5097295059      523.0596785081      668.8236046003
      113.8574990937     9807.8863219335     1      318.9163360494      491.3685589120      604.5051176892
        7.2750468001     9803.4728151745     1      384.9769914079      460.6778055726      534.6702318603
        6.2083642180     9794.8086738930     1      273.0193217016      824.6714486562      881.9295506551
        0.6192465004     9804.6001842908     1      364.0858722148      486.6461224043      603.1906435876
       -1.0483610566     9808.9510538052     1      367.0031694669      480.4815353733      608.4542904473
       -0.5617365646     9803.2599465504     1      368.8879069297      497.2185038065      623.7851144304
       -0.5460818265     9801.3117427659     1      362.4925863634      504.7216123279      608.2214768415
        2.0238409132     9804.4720913444     1      358.7178708494      504.3218914087      664.8424614703
        4.0555004178     9803.7268678518     1      352.9666889217      516.5641660649      647.6465344495
        8.6224702425     9794.8973007905     1      332.9974692319      569.4490115679      703.8969346714
       -3.8567890549     9797.5254273727     1      381.8813165953      583.8171229214      733.4297671235
       11.0378351055     9795.6524141564     1      274.7046784374      683.1568507147      787.5676543750
       12.5953962266     9799.1073803985     1      315.2513058115      577.2953636914      672.0015479156
       11.5380934926     9801.5172606986     1      357.2492528196      438.3479235069      578.7550324899
        7.2065433047     9804.0920067675     1      371.1950929632      420.3401704321      536.5967020519
       -1.8839621316     9805.3114529428     1      379.8938204240      458.0977312585      566.0035289020
        2.5173309464     9798.4050021766     1      372.5130436190      559.3483403466      715.3140137199
        4.4478515981     9799.3742841849     1      384.0542452684      452.0004299265      612.9138144063
        3.4715967442     9804.4649789679     1      385.4036021084      454.5015395128      648.3329347297
        4.5570735695     9793.1026605337     1      424.3102208024      515.4185269606      632.2595414488
        3.9229869249     9792.7391506956     1      349.9379473886      642.5407737307      716.9327203294
        5.7732756798     9792.9199862425     1      300.1583136721      831.0803271105      978.9731368990
       -1.6662935472     9802.4499092827     1      343.0503081972      550.9416694794      599.6993646543
        1.3897716241     9801.1546316236     1      308.0339566936      650.0236286955      692.5787745027
       -1.1841594295     9794.1356507921     1      298.1502413748      887.7049559120      959.1259782732
        0.6247659135     9803.6216477467     1      352.1631125471      531.7353306737      580.3312973712
       -0.2081931780     9810.1253285762     1      410.4162866702      419.4296900612      471.7110946771
       -4.5328481289     9803.2717463203     1      407.1620213362      537.2480000220      559.4672379710
       -3.9271564557     9803.1891369099     1      385.8320240001      508.3839318846      551.5173310355
       -7.5063664886     9806.8216417580     1      372.9879059455      460.7216949464      560.2363030301
        0.8106197847     9796.0303721431     1      266.3031960725      828.4497620346      929.1969762851
        1.2961900711     9795.7800870532     1      384.9398242179      540.9530035731      740.4461632839
       -1.0559245379     9797.5579382077     1      354.9922517914      577.6943660283      658.2583691397
       -2.6383187830     9805.8740917921     1      349.8315349644      455.6795230487      560.6466016490
       -2.3412204301     9808.5540139926     1      375.1950044089      434.2557822110      525.1210039391
        4.1168526345     9802.2153658383     1      365.2648785433      510.2325749800      533.4307616930
       -0.4341523940     9802.0362010052     1      368.9906744059      506.1775997703      516.1050290257
       -2.7370118972     9804.9544634798     1      366.6390106455      495.6884907149      526.0462037852
       -2.3117278921     9800.6242595213     1      370.0847704072      506.6338794665      712.1454470372
        8.0475593980     9792.8910145923     1      232.6593753796      915.9477717526      940.0212757312
        8.0867277036     9789.9318687644     1      237.0399372160      883.5983088228      921.8801902461
       -0.3525266850     9803.9508764976     1      317.2795007622      529.6597371203      609.4439627368
       16.1087147449     9808.8011237409     1      330.0120351805      474.8588411411      518.2956468735
       -0.8782730515     9801.1277517028     1      355.8428871590      498.8939617284      632.8253636553
       -0.0685351626     9791.0098129896     1      294.4234078092      823.8320584967      963.3343800855
        0.0325144410     9792.5913376228     1      370.8839621686      586.0916068132      846.6351561744
       -0.0630992634     9789.0525448848     1      359.6179883930      734.7130736459      993.8446158511
       12.1531521669     9792.8096145099     1      326.4359139276      781.3231331768      918.5404529968
       -0.6464154655     9789.8352218339     1      329.7482903687      864.3295586946     1085.7661485336
       -0.3810139769     9788.7709021228     1      368.0058497127      790.5844669163      915.0036735132
        4.9116636754     9798.8203361295     1      394.1535040872      445.9324562617      567.9271467929
        4.4456611278     9799.8976425993     1      338.3532944340      577.0083262104      652.3807973437
        5.5659427062     9793.5857096064     1      364.8481668022      587.4195755113      662.1757540026
        8.5622211175     9799.1984215178     1      366.4815739666      464.9478034628      555.7037882164
        9.6778537666     9797.2682866973     1      366.9678792754      618.6900352768      859.3436584851
        5.4529291551     9810.2178099427     1      383.3125389186      498.5425867591      645.4544128682
        5.0366710072     9804.4515437083     1      413.7618265267      449.1007834440      641.7663550981
        4.2498892824     9802.0287743185     1      377.5824509811      498.5371716120      671.3784184567
       10.9752363661     9805.2184523406     1      396.7856489156      547.6834857061      584.5608015907
        3.1387461106     9809.0421897185     1      383.1366529645      436.7501861797      563.7695356985
        1.4915944852     9801.3021561745     1      337.6157631791      561.7895431628      632.4477924183
        0.3880081621     9798.8566177504     1      321.2389770599      618.6586644081      720.6631106513
        0.0446380179     9805.5152116524     1      381.8335063010      470.8007257891      578.2641672465
       11.4672541486     9795.9524054094     1      276.8265374278      771.4121773366      829.4726063089
       11.0468308566     9796.1916298569     1      358.9941207280      602.2452801639      674.4253462476
        1.5176255414     9804.0858147441     1      370.7614119107      494.9020613180      571.3905405808
       -2.3214607069     9798.9563859078     1      374.7105069055      485.7820158098      582.2432001725
       -2.8675020499     9799.5769865120     1      286.7160107020      825.2962795453      881.0416928049
       -4.7014625027     9798.5223477267     1      390.2715640543      513.6428453625      589.7006477875
        0.0938808216     9785.8149609221     1      289.2116439058      991.0016162760     1129.4689973849
       -3.3162279533     9801.8787375928     1      370.1414097203      581.6827254477      711.5216493328
       -0.3600310653     9798.5536363832     1      432.3477059648      471.3166823055      738.2042226399
        4.2059347473     9799.9531711962     1      413.7963671429      491.6752563724      717.5042726559
       -4.0152476332     9799.0181415227     1      380.5814184362      589.4351085557      722.6456829529
       -0.2335563202     9802.0855305179     1      366.7975670414      527.4257294892      646.7744062070
        1.0011956724     9798.3305977281     1      422.2838765712      454.5519173562      680.8886265659
        2.8020981004     9799.9945535042     1      422.0382011042      452.4978994350      714.3719271706
