   -1.146374417000000        0.7606986782000000         1.494707829000000      
    1.434324881000000       -0.4451336781000000        -1.174691028000000      
  -0.6983903711000000         1.304952715000000        4.9271188700000002E-02  
  -6.2084553899999992E-02   -0.3311325467000000        0.2679490347000000      
  -0.8550276870999999         1.027300245000000       -0.9930724946000000      
  -0.2712606323000000       -1.5124113699999999E-02     1.527841282000000      
    1.029559961000000       -0.1461339462000000       -2.6229475899999999E-02  
    1.541072645000000         1.392121596000000       -0.7518814008000000      
    1.543517468000000        -1.050707388000000       -0.3071885371000000      
   -1.714616760000000        0.2930438059000000       -0.5390605486000000      
   0.3901285233000000        -1.591284375000000         1.564749583000000      
  -0.5319921691000000        -1.273493819000000        0.2489176271000000      
